{
    "COLLECTOR_env_steps_per_sec": 5.181647151022792,
    "COLLECTOR_experience_collecting_time_in_sec": 9637.861966371536,
    "COLLECTOR_total_number_of_episodes_executed": 454,
    "COLLECTOR_total_number_of_steps_executed": 49940,
    "COLLECTOR_total_saving_time_in_sec": 249.88739824295044,
    "TRAINER_network_updates_per_sec": 21.484465782498326,
    "TRAINER_total_network_updates": 186456,
    "TRAINER_training_time_after_min_dataset_in_sec": 8678.642601013184,
    "TRAINER_waiting_time_in_sec": 959.3085865974426,
    "network_updates_per_env_step": 4.146261826851248,
    "total_training_time_in_hours": 2.7466880848672655,
    "total_training_time_in_sec": 9888.077105522156
}