{
    "COLLECTOR_env_steps_per_sec": 6.86781352380348,
    "COLLECTOR_experience_collecting_time_in_sec": 12133.410394906998,
    "COLLECTOR_total_number_of_episodes_executed": 1282,
    "COLLECTOR_total_number_of_steps_executed": 83330,
    "COLLECTOR_total_saving_time_in_sec": 397.1575057506561,
    "TRAINER_network_updates_per_sec": 34.069469863175414,
    "TRAINER_total_network_updates": 362431,
    "TRAINER_training_time_after_min_dataset_in_sec": 10637.99940109253,
    "TRAINER_waiting_time_in_sec": 1495.5317895412445,
    "network_updates_per_env_step": 4.960744747231768,
    "total_training_time_in_hours": 3.4808274488978914,
    "total_training_time_in_sec": 12530.97881603241
}