{
    "COLLECTOR_env_steps_per_sec": 7.382665874488947,
    "COLLECTOR_experience_collecting_time_in_sec": 9021.13154411316,
    "COLLECTOR_total_number_of_episodes_executed": 333,
    "COLLECTOR_total_number_of_steps_executed": 66600,
    "COLLECTOR_total_saving_time_in_sec": 369.2761449813843,
    "TRAINER_network_updates_per_sec": 47.011705287372585,
    "TRAINER_total_network_updates": 115542,
    "TRAINER_training_time_after_min_dataset_in_sec": 2457.728331565857,
    "TRAINER_waiting_time_in_sec": 6563.497403860092,
    "network_updates_per_env_step": 6.367849512169192,
    "total_training_time_in_hours": 2.6085768796337976,
    "total_training_time_in_sec": 9390.876766681671
}