{
    "COLLECTOR_env_steps_per_sec": 6.028819633052062,
    "COLLECTOR_experience_collecting_time_in_sec": 8285.203910589218,
    "COLLECTOR_total_number_of_episodes_executed": 555,
    "COLLECTOR_total_number_of_steps_executed": 49950,
    "COLLECTOR_total_saving_time_in_sec": 449.9038426876068,
    "TRAINER_network_updates_per_sec": 60.42883805241325,
    "TRAINER_total_network_updates": 449510,
    "TRAINER_training_time_after_min_dataset_in_sec": 7438.666942596436,
    "TRAINER_waiting_time_in_sec": 846.5982222557068,
    "network_updates_per_env_step": 10.023328235119456,
    "total_training_time_in_hours": 2.426506356795629,
    "total_training_time_in_sec": 8735.422884464264
}