{
    "COLLECTOR_env_steps_per_sec": 3.0326408562476797,
    "COLLECTOR_experience_collecting_time_in_sec": 5477.07453250885,
    "COLLECTOR_total_number_of_episodes_executed": 151,
    "COLLECTOR_total_number_of_steps_executed": 16610,
    "COLLECTOR_total_saving_time_in_sec": 243.55511808395386,
    "TRAINER_network_updates_per_sec": 13.11057081440444,
    "TRAINER_total_network_updates": 64794,
    "TRAINER_training_time_after_min_dataset_in_sec": 4942.118914365768,
    "TRAINER_waiting_time_in_sec": 535.0339448451996,
    "network_updates_per_env_step": 4.323153131500805,
    "total_training_time_in_hours": 1.5891853068934547,
    "total_training_time_in_sec": 5721.067104816437
}