{
    "COLLECTOR_env_steps_per_sec": 5.977725093519195,
    "COLLECTOR_experience_collecting_time_in_sec": 11141.362133264542,
    "COLLECTOR_total_number_of_episodes_executed": 333,
    "COLLECTOR_total_number_of_steps_executed": 66600,
    "COLLECTOR_total_saving_time_in_sec": 1316.7956957817078,
    "TRAINER_network_updates_per_sec": 59.33525349921179,
    "TRAINER_total_network_updates": 632680,
    "TRAINER_training_time_after_min_dataset_in_sec": 10662.800994157791,
    "TRAINER_waiting_time_in_sec": 478.7123692035675,
    "network_updates_per_env_step": 9.926059256813373,
    "total_training_time_in_hours": 3.460710998111301,
    "total_training_time_in_sec": 12458.559593200684
}