{
    "COLLECTOR_env_steps_per_sec": 5.996589835271714,
    "COLLECTOR_experience_collecting_time_in_sec": 8338.072366714478,
    "COLLECTOR_total_number_of_episodes_executed": 1000,
    "COLLECTOR_total_number_of_steps_executed": 50000,
    "COLLECTOR_total_saving_time_in_sec": 714.4981510639191,
    "TRAINER_network_updates_per_sec": 59.105692476347585,
    "TRAINER_total_network_updates": 475010,
    "TRAINER_training_time_after_min_dataset_in_sec": 8036.620164632797,
    "TRAINER_waiting_time_in_sec": 301.5559148788452,
    "network_updates_per_env_step": 9.856550823051151,
    "total_training_time_in_hours": 2.5146944646040597,
    "total_training_time_in_sec": 9052.900072574615
}