{
    "COLLECTOR_env_steps_per_sec": 1.768915338094174,
    "COLLECTOR_experience_collecting_time_in_sec": 2346.0704481601715,
    "COLLECTOR_total_number_of_episodes_executed": 83,
    "COLLECTOR_total_number_of_steps_executed": 4150,
    "COLLECTOR_total_saving_time_in_sec": 222.2443985939026,
    "TRAINER_network_updates_per_sec": 6.561179922832066,
    "TRAINER_total_network_updates": 15204,
    "TRAINER_training_time_after_min_dataset_in_sec": 2317.2661287784576,
    "TRAINER_waiting_time_in_sec": 28.87952971458435,
    "network_updates_per_env_step": 3.7091542944622033,
    "total_training_time_in_hours": 0.7135526509417428,
    "total_training_time_in_sec": 2568.789543390274
}