{
    "COLLECTOR_env_steps_per_sec": 2.083086098403434,
    "COLLECTOR_experience_collecting_time_in_sec": 1992.2364242076874,
    "COLLECTOR_total_number_of_episodes_executed": 83,
    "COLLECTOR_total_number_of_steps_executed": 4150,
    "COLLECTOR_total_saving_time_in_sec": 650.9882507324219,
    "TRAINER_network_updates_per_sec": 20.030173733356474,
    "TRAINER_total_network_updates": 39430,
    "TRAINER_training_time_after_min_dataset_in_sec": 1968.5301048755646,
    "TRAINER_waiting_time_in_sec": 23.786328315734863,
    "network_updates_per_env_step": 9.615624504771286,
    "total_training_time_in_hours": 0.7343427152103847,
    "total_training_time_in_sec": 2643.6337747573853
}