{
    "COLLECTOR_env_steps_per_sec": 5.982142937059436,
    "COLLECTOR_experience_collecting_time_in_sec": 41791.044217824936,
    "COLLECTOR_total_number_of_episodes_executed": 5000,
    "COLLECTOR_total_number_of_steps_executed": 250000,
    "COLLECTOR_total_saving_time_in_sec": 782.6001484394073,
    "TRAINER_network_updates_per_sec": 60.15007353651589,
    "TRAINER_total_network_updates": 2250010,
    "TRAINER_training_time_after_min_dataset_in_sec": 37406.604310035706,
    "TRAINER_waiting_time_in_sec": 4384.507507562637,
    "network_updates_per_env_step": 10.054937531479828,
    "total_training_time_in_hours": 11.826084699233373,
    "total_training_time_in_sec": 42573.90491724014
}