{
    "COLLECTOR_env_steps_per_sec": 6.730950298218041,
    "COLLECTOR_experience_collecting_time_in_sec": 29713.48637843132,
    "COLLECTOR_total_number_of_episodes_executed": 1000,
    "COLLECTOR_total_number_of_steps_executed": 200000,
    "COLLECTOR_total_saving_time_in_sec": 869.9950649738312,
    "TRAINER_network_updates_per_sec": 38.00225304691874,
    "TRAINER_total_network_updates": 835070,
    "TRAINER_training_time_after_min_dataset_in_sec": 21974.22344851494,
    "TRAINER_waiting_time_in_sec": 7739.384208917618,
    "network_updates_per_env_step": 5.6458971412966,
    "total_training_time_in_hours": 8.495521028637887,
    "total_training_time_in_sec": 30583.87570309639
}