{
    "COLLECTOR_env_steps_per_sec": 5.989240060771682,
    "COLLECTOR_experience_collecting_time_in_sec": 4174.152270793915,
    "COLLECTOR_total_number_of_episodes_executed": 500,
    "COLLECTOR_total_number_of_steps_executed": 25000,
    "COLLECTOR_total_saving_time_in_sec": 740.9654550552368,
    "TRAINER_network_updates_per_sec": 59.025901309223855,
    "TRAINER_total_network_updates": 237510,
    "TRAINER_training_time_after_min_dataset_in_sec": 4023.8267393112183,
    "TRAINER_waiting_time_in_sec": 150.41058778762817,
    "network_updates_per_env_step": 9.85532399942217,
    "total_training_time_in_hours": 1.3653911969396804,
    "total_training_time_in_sec": 4915.408308982849
}