{
    "COLLECTOR_env_steps_per_sec": 2.4820215564844044,
    "COLLECTOR_experience_collecting_time_in_sec": 3335.990365743637,
    "COLLECTOR_total_number_of_episodes_executed": 92,
    "COLLECTOR_total_number_of_steps_executed": 8280,
    "COLLECTOR_total_saving_time_in_sec": 403.08783435821533,
    "TRAINER_network_updates_per_sec": 24.872670087795573,
    "TRAINER_total_network_updates": 74480,
    "TRAINER_training_time_after_min_dataset_in_sec": 2994.4513289928436,
    "TRAINER_waiting_time_in_sec": 341.6209840774536,
    "network_updates_per_env_step": 10.021133790242269,
    "total_training_time_in_hours": 1.0387127775616116,
    "total_training_time_in_sec": 3739.3659992218018
}