{
    "COLLECTOR_env_steps_per_sec": 4.846326411061103,
    "COLLECTOR_experience_collecting_time_in_sec": 3435.5919489860535,
    "COLLECTOR_total_number_of_episodes_executed": 333,
    "COLLECTOR_total_number_of_steps_executed": 16650,
    "COLLECTOR_total_saving_time_in_sec": 692.9956202507019,
    "TRAINER_network_updates_per_sec": 47.43580206576887,
    "TRAINER_total_network_updates": 158180,
    "TRAINER_training_time_after_min_dataset_in_sec": 3334.6121096611023,
    "TRAINER_waiting_time_in_sec": 101.05479550361633,
    "network_updates_per_env_step": 9.787991571822914,
    "total_training_time_in_hours": 1.1469093084335327,
    "total_training_time_in_sec": 4128.873510360718
}