{
    "COLLECTOR_env_steps_per_sec": 2.4771847418347583,
    "COLLECTOR_experience_collecting_time_in_sec": 1675.288859128952,
    "COLLECTOR_total_number_of_episodes_executed": 83,
    "COLLECTOR_total_number_of_steps_executed": 4150,
    "COLLECTOR_total_saving_time_in_sec": 322.9120614528656,
    "TRAINER_network_updates_per_sec": 23.822532670190274,
    "TRAINER_total_network_updates": 39426,
    "TRAINER_training_time_after_min_dataset_in_sec": 1654.9877607822418,
    "TRAINER_waiting_time_in_sec": 20.388347625732422,
    "network_updates_per_env_step": 9.616776765928977,
    "total_training_time_in_hours": 0.5551390637291802,
    "total_training_time_in_sec": 1998.5006294250488
}