{
    "COLLECTOR_env_steps_per_sec": 3.0250357674329194,
    "COLLECTOR_experience_collecting_time_in_sec": 5490.844167470932,
    "COLLECTOR_total_number_of_episodes_executed": 151,
    "COLLECTOR_total_number_of_steps_executed": 16610,
    "COLLECTOR_total_saving_time_in_sec": 243.6623179912567,
    "TRAINER_network_updates_per_sec": 12.40418256182327,
    "TRAINER_total_network_updates": 61501,
    "TRAINER_training_time_after_min_dataset_in_sec": 4958.085685491562,
    "TRAINER_waiting_time_in_sec": 532.8348429203033,
    "network_updates_per_env_step": 4.100507734607582,
    "total_training_time_in_hours": 1.5930200088686413,
    "total_training_time_in_sec": 5734.872031927109
}