{
    "COLLECTOR_env_steps_per_sec": 10.126162559362575,
    "COLLECTOR_experience_collecting_time_in_sec": 3278.635890483856,
    "COLLECTOR_total_number_of_episodes_executed": 166,
    "COLLECTOR_total_number_of_steps_executed": 33200,
    "COLLECTOR_total_saving_time_in_sec": 566.6873240470886,
    "TRAINER_network_updates_per_sec": 100.79099844722028,
    "TRAINER_total_network_updates": 315337,
    "TRAINER_training_time_after_min_dataset_in_sec": 3128.622643470764,
    "TRAINER_waiting_time_in_sec": 150.077130317688,
    "network_updates_per_env_step": 9.95352364297467,
    "total_training_time_in_hours": 1.0682281689511406,
    "total_training_time_in_sec": 3845.621408224106
}