{
    "COLLECTOR_env_steps_per_sec": 2.667426902900961,
    "COLLECTOR_experience_collecting_time_in_sec": 3104.1150522232056,
    "COLLECTOR_total_number_of_episodes_executed": 92,
    "COLLECTOR_total_number_of_steps_executed": 8280,
    "COLLECTOR_total_saving_time_in_sec": 351.2162342071533,
    "TRAINER_network_updates_per_sec": 26.684028594004715,
    "TRAINER_total_network_updates": 74480,
    "TRAINER_training_time_after_min_dataset_in_sec": 2791.182738304138,
    "TRAINER_waiting_time_in_sec": 313.01461029052734,
    "network_updates_per_env_step": 10.003658793792809,
    "total_training_time_in_hours": 0.9599135881662368,
    "total_training_time_in_sec": 3455.6889173984528
}