{
    "COLLECTOR_env_steps_per_sec": 5.954370393633937,
    "COLLECTOR_experience_collecting_time_in_sec": 4198.596719264984,
    "COLLECTOR_total_number_of_episodes_executed": 500,
    "COLLECTOR_total_number_of_steps_executed": 25000,
    "COLLECTOR_total_saving_time_in_sec": 732.4196486473083,
    "TRAINER_network_updates_per_sec": 59.01333370525053,
    "TRAINER_total_network_updates": 237510,
    "TRAINER_training_time_after_min_dataset_in_sec": 4024.6836619377136,
    "TRAINER_waiting_time_in_sec": 173.99886965751648,
    "network_updates_per_env_step": 9.910927571510184,
    "total_training_time_in_hours": 1.3698423444562489,
    "total_training_time_in_sec": 4931.432440042496
}