{
    "COLLECTOR_env_steps_per_sec": 2.194706002510417,
    "COLLECTOR_experience_collecting_time_in_sec": 1890.9138605594635,
    "COLLECTOR_total_number_of_episodes_executed": 83,
    "COLLECTOR_total_number_of_steps_executed": 4150,
    "COLLECTOR_total_saving_time_in_sec": 559.5565643310547,
    "TRAINER_network_updates_per_sec": 21.10733031707936,
    "TRAINER_total_network_updates": 39428,
    "TRAINER_training_time_after_min_dataset_in_sec": 1867.9766416549683,
    "TRAINER_waiting_time_in_sec": 23.033536434173584,
    "network_updates_per_env_step": 9.61738396529454,
    "total_training_time_in_hours": 0.6808086731698778,
    "total_training_time_in_sec": 2450.91122341156
}