{
    "COLLECTOR_env_steps_per_sec": 6.339441888366806,
    "COLLECTOR_experience_collecting_time_in_sec": 10505.656676530838,
    "COLLECTOR_total_number_of_episodes_executed": 333,
    "COLLECTOR_total_number_of_steps_executed": 66600,
    "COLLECTOR_total_saving_time_in_sec": 504.7525429725647,
    "TRAINER_network_updates_per_sec": 46.16893050719131,
    "TRAINER_total_network_updates": 132070,
    "TRAINER_training_time_after_min_dataset_in_sec": 2860.5817494392395,
    "TRAINER_waiting_time_in_sec": 7645.175631046295,
    "network_updates_per_env_step": 7.282806802269711,
    "total_training_time_in_hours": 3.058554331527816,
    "total_training_time_in_sec": 11010.795593500137
}