{
    "COLLECTOR_env_steps_per_sec": 7.067781990351294,
    "COLLECTOR_experience_collecting_time_in_sec": 5895.060155630112,
    "COLLECTOR_total_number_of_episodes_executed": 641,
    "COLLECTOR_total_number_of_steps_executed": 41665,
    "COLLECTOR_total_saving_time_in_sec": 275.647180557251,
    "TRAINER_network_updates_per_sec": 48.31237596766235,
    "TRAINER_total_network_updates": 251799,
    "TRAINER_training_time_after_min_dataset_in_sec": 5211.894363641739,
    "TRAINER_waiting_time_in_sec": 683.2825510501862,
    "network_updates_per_env_step": 6.835578125303925,
    "total_training_time_in_hours": 1.7142363974783155,
    "total_training_time_in_sec": 6171.251030921936
}