{
    "COLLECTOR_env_steps_per_sec": 4.823024318910078,
    "COLLECTOR_experience_collecting_time_in_sec": 3452.190762281418,
    "COLLECTOR_total_number_of_episodes_executed": 333,
    "COLLECTOR_total_number_of_steps_executed": 16650,
    "COLLECTOR_total_saving_time_in_sec": 679.0579054355621,
    "TRAINER_network_updates_per_sec": 47.19865820448366,
    "TRAINER_total_network_updates": 158180,
    "TRAINER_training_time_after_min_dataset_in_sec": 3351.3664586544037,
    "TRAINER_waiting_time_in_sec": 100.88872241973877,
    "network_updates_per_env_step": 9.786112423158952,
    "total_training_time_in_hours": 1.1476637826363245,
    "total_training_time_in_sec": 4131.589617490768
}