{
    "COLLECTOR_env_steps_per_sec": 5.879510628207015,
    "COLLECTOR_experience_collecting_time_in_sec": 11327.473358154297,
    "COLLECTOR_total_number_of_episodes_executed": 333,
    "COLLECTOR_total_number_of_steps_executed": 66600,
    "COLLECTOR_total_saving_time_in_sec": 12112.739290714264,
    "TRAINER_network_updates_per_sec": 58.423305623353684,
    "TRAINER_total_network_updates": 632680,
    "TRAINER_training_time_after_min_dataset_in_sec": 10829.240031003952,
    "TRAINER_waiting_time_in_sec": 498.30398440361023,
    "network_updates_per_env_step": 9.936763332490166,
    "total_training_time_in_hours": 6.511277316477564,
    "total_training_time_in_sec": 23440.59833931923
}