{
    "COLLECTOR_env_steps_per_sec": 2.339108313622364,
    "COLLECTOR_experience_collecting_time_in_sec": 3539.8104276657104,
    "COLLECTOR_total_number_of_episodes_executed": 92,
    "COLLECTOR_total_number_of_steps_executed": 8280,
    "COLLECTOR_total_saving_time_in_sec": 496.8783972263336,
    "TRAINER_network_updates_per_sec": 23.448381983367657,
    "TRAINER_total_network_updates": 74480,
    "TRAINER_training_time_after_min_dataset_in_sec": 3176.338565826416,
    "TRAINER_waiting_time_in_sec": 363.562775850296,
    "network_updates_per_env_step": 10.024496021330146,
    "total_training_time_in_hours": 1.12138057132562,
    "total_training_time_in_sec": 4036.970056772232
}