{
    "COLLECTOR_env_steps_per_sec": 1.9955009525392677,
    "COLLECTOR_experience_collecting_time_in_sec": 4134.300206422806,
    "COLLECTOR_total_number_of_episodes_executed": 75,
    "COLLECTOR_total_number_of_steps_executed": 8250,
    "COLLECTOR_total_saving_time_in_sec": 188.52151370048523,
    "TRAINER_network_updates_per_sec": 7.613316396424921,
    "TRAINER_total_network_updates": 28452,
    "TRAINER_training_time_after_min_dataset_in_sec": 3737.136159658432,
    "TRAINER_waiting_time_in_sec": 397.2444157600403,
    "network_updates_per_env_step": 3.815240672642628,
    "total_training_time_in_hours": 1.2008845762411753,
    "total_training_time_in_sec": 4323.184474468231
}