{
    "COLLECTOR_env_steps_per_sec": 3.047747702218385,
    "COLLECTOR_experience_collecting_time_in_sec": 5449.926182508469,
    "COLLECTOR_total_number_of_episodes_executed": 151,
    "COLLECTOR_total_number_of_steps_executed": 16610,
    "COLLECTOR_total_saving_time_in_sec": 244.92601346969604,
    "TRAINER_network_updates_per_sec": 12.727700498973734,
    "TRAINER_total_network_updates": 62601,
    "TRAINER_training_time_after_min_dataset_in_sec": 4918.484686613083,
    "TRAINER_waiting_time_in_sec": 531.5208733081818,
    "network_updates_per_env_step": 4.176100433021255,
    "total_training_time_in_hours": 1.5820101983017392,
    "total_training_time_in_sec": 5695.236713886261
}