{
    "COLLECTOR_env_steps_per_sec": 5.994272465102271,
    "COLLECTOR_experience_collecting_time_in_sec": 8341.295843839645,
    "COLLECTOR_total_number_of_episodes_executed": 1000,
    "COLLECTOR_total_number_of_steps_executed": 50000,
    "COLLECTOR_total_saving_time_in_sec": 755.7768909931183,
    "TRAINER_network_updates_per_sec": 59.094499381264384,
    "TRAINER_total_network_updates": 475010,
    "TRAINER_training_time_after_min_dataset_in_sec": 8038.142381668091,
    "TRAINER_waiting_time_in_sec": 303.22474694252014,
    "network_updates_per_env_step": 9.858494041654502,
    "total_training_time_in_hours": 2.5270880340867574,
    "total_training_time_in_sec": 9097.516922712326
}