{
    "COLLECTOR_env_steps_per_sec": 6.079556873117489,
    "COLLECTOR_experience_collecting_time_in_sec": 10954.74577999115,
    "COLLECTOR_total_number_of_episodes_executed": 333,
    "COLLECTOR_total_number_of_steps_executed": 66600,
    "COLLECTOR_total_saving_time_in_sec": 1333.4841685295105,
    "TRAINER_network_updates_per_sec": 60.404005036002346,
    "TRAINER_total_network_updates": 632680,
    "TRAINER_training_time_after_min_dataset_in_sec": 10474.139912128448,
    "TRAINER_waiting_time_in_sec": 480.6903541088104,
    "network_updates_per_env_step": 9.935593382322986,
    "total_training_time_in_hours": 3.4134826892614365,
    "total_training_time_in_sec": 12288.537681341171
}