{
    "COLLECTOR_env_steps_per_sec": 6.213805346656686,
    "COLLECTOR_experience_collecting_time_in_sec": 5342.941747903824,
    "COLLECTOR_total_number_of_episodes_executed": 166,
    "COLLECTOR_total_number_of_steps_executed": 33200,
    "COLLECTOR_total_saving_time_in_sec": 1374.112767457962,
    "TRAINER_network_updates_per_sec": 61.92594096005981,
    "TRAINER_total_network_updates": 315350,
    "TRAINER_training_time_after_min_dataset_in_sec": 5092.373165607452,
    "TRAINER_waiting_time_in_sec": 250.64997482299805,
    "network_updates_per_env_step": 9.965864314269005,
    "total_training_time_in_hours": 1.8659344357914396,
    "total_training_time_in_sec": 6717.363968849182
}