{
    "COLLECTOR_env_steps_per_sec": 3.146198428765481,
    "COLLECTOR_experience_collecting_time_in_sec": 2631.747547864914,
    "COLLECTOR_total_number_of_episodes_executed": 92,
    "COLLECTOR_total_number_of_steps_executed": 8280,
    "COLLECTOR_total_saving_time_in_sec": 210.3130075931549,
    "TRAINER_network_updates_per_sec": 31.39724766993594,
    "TRAINER_total_network_updates": 74480,
    "TRAINER_training_time_after_min_dataset_in_sec": 2372.1824531555176,
    "TRAINER_waiting_time_in_sec": 259.6371145248413,
    "network_updates_per_env_step": 9.979423860514649,
    "total_training_time_in_hours": 0.7895354372262955,
    "total_training_time_in_sec": 2842.3275740146637
}