{
    "COLLECTOR_env_steps_per_sec": 2.663829583549327,
    "COLLECTOR_experience_collecting_time_in_sec": 1557.907467365265,
    "COLLECTOR_total_number_of_episodes_executed": 83,
    "COLLECTOR_total_number_of_steps_executed": 4150,
    "COLLECTOR_total_saving_time_in_sec": 230.41077136993408,
    "TRAINER_network_updates_per_sec": 25.60604751449213,
    "TRAINER_total_network_updates": 39420,
    "TRAINER_training_time_after_min_dataset_in_sec": 1539.4800770282745,
    "TRAINER_waiting_time_in_sec": 18.496174812316895,
    "network_updates_per_env_step": 9.612494610249897,
    "total_training_time_in_hours": 0.4968292134337955,
    "total_training_time_in_sec": 1788.5851683616638
}