{
    "COLLECTOR_env_steps_per_sec": 3.4525699706291535,
    "COLLECTOR_experience_collecting_time_in_sec": 2404.006311416626,
    "COLLECTOR_total_number_of_episodes_executed": 166,
    "COLLECTOR_total_number_of_steps_executed": 8300,
    "COLLECTOR_total_saving_time_in_sec": 672.7462909221649,
    "TRAINER_network_updates_per_sec": 33.44875427130906,
    "TRAINER_total_network_updates": 78850,
    "TRAINER_training_time_after_min_dataset_in_sec": 2357.337417125702,
    "TRAINER_waiting_time_in_sec": 46.753310203552246,
    "network_updates_per_env_step": 9.688074262319375,
    "total_training_time_in_hours": 0.8547780556811226,
    "total_training_time_in_sec": 3077.2010004520416
}