{
    "COLLECTOR_env_steps_per_sec": 10.988493454986347,
    "COLLECTOR_experience_collecting_time_in_sec": 15161.314031124115,
    "COLLECTOR_total_number_of_episodes_executed": 833,
    "COLLECTOR_total_number_of_steps_executed": 166600,
    "COLLECTOR_total_saving_time_in_sec": 365.9316461086273,
    "TRAINER_network_updates_per_sec": 114.93395709554804,
    "TRAINER_total_network_updates": 1165992,
    "TRAINER_training_time_after_min_dataset_in_sec": 10144.886937379837,
    "TRAINER_waiting_time_in_sec": 5016.501887321472,
    "network_updates_per_env_step": 10.459482691268605,
    "total_training_time_in_hours": 4.313273701667786,
    "total_training_time_in_sec": 15527.785326004028
}