{
    "COLLECTOR_env_steps_per_sec": 1.6709422564592418,
    "COLLECTOR_experience_collecting_time_in_sec": 2483.6286137104034,
    "COLLECTOR_total_number_of_episodes_executed": 83,
    "COLLECTOR_total_number_of_steps_executed": 4150,
    "COLLECTOR_total_saving_time_in_sec": 255.74764132499695,
    "TRAINER_network_updates_per_sec": 6.6606223462100695,
    "TRAINER_total_network_updates": 16338,
    "TRAINER_training_time_after_min_dataset_in_sec": 2452.9239387512207,
    "TRAINER_waiting_time_in_sec": 30.77912926673889,
    "network_updates_per_env_step": 3.986147528714759,
    "total_training_time_in_hours": 0.7610416444142659,
    "total_training_time_in_sec": 2739.7499198913574
}