{
    "COLLECTOR_env_steps_per_sec": 3.2667639032230533,
    "COLLECTOR_experience_collecting_time_in_sec": 2540.7406980991364,
    "COLLECTOR_total_number_of_episodes_executed": 166,
    "COLLECTOR_total_number_of_steps_executed": 8300,
    "COLLECTOR_total_saving_time_in_sec": 795.1559054851532,
    "TRAINER_network_updates_per_sec": 31.672803146310677,
    "TRAINER_total_network_updates": 78850,
    "TRAINER_training_time_after_min_dataset_in_sec": 2489.517572402954,
    "TRAINER_waiting_time_in_sec": 51.318482637405396,
    "network_updates_per_env_step": 9.695467467073966,
    "total_training_time_in_hours": 0.9267287680175569,
    "total_training_time_in_sec": 3336.223564863205
}