{
    "COLLECTOR_env_steps_per_sec": 1.1855591522788134,
    "COLLECTOR_experience_collecting_time_in_sec": 70287.50934934616,
    "COLLECTOR_total_number_of_episodes_executed": 16666,
    "COLLECTOR_total_number_of_steps_executed": 83330,
    "COLLECTOR_total_saving_time_in_sec": 774.947187423706,
    "TRAINER_network_updates_per_sec": 11.875912173193576,
    "TRAINER_total_network_updates": 749979,
    "TRAINER_training_time_after_min_dataset_in_sec": 63151.27537679672,
    "TRAINER_waiting_time_in_sec": 7136.330427646637,
    "network_updates_per_env_step": 10.017140140469907,
    "total_training_time_in_hours": 19.73967274520132,
    "total_training_time_in_sec": 71062.82188272476
}