{
    "COLLECTOR_env_steps_per_sec": 6.325902438064818,
    "COLLECTOR_experience_collecting_time_in_sec": 26336.163358688354,
    "COLLECTOR_total_number_of_episodes_executed": 833,
    "COLLECTOR_total_number_of_steps_executed": 166600,
    "COLLECTOR_total_saving_time_in_sec": 1136.6011028289795,
    "TRAINER_network_updates_per_sec": 64.49140458531443,
    "TRAINER_total_network_updates": 1166000,
    "TRAINER_training_time_after_min_dataset_in_sec": 18079.928751707077,
    "TRAINER_waiting_time_in_sec": 8256.31512928009,
    "network_updates_per_env_step": 10.194814924310348,
    "total_training_time_in_hours": 7.631409016648928,
    "total_training_time_in_sec": 27473.072459936142
}