{
    "COLLECTOR_env_steps_per_sec": 3.2537003357842735,
    "COLLECTOR_experience_collecting_time_in_sec": 2550.9417412281036,
    "COLLECTOR_total_number_of_episodes_executed": 166,
    "COLLECTOR_total_number_of_steps_executed": 8300,
    "COLLECTOR_total_saving_time_in_sec": 736.1817710399628,
    "TRAINER_network_updates_per_sec": 31.54870981249253,
    "TRAINER_total_network_updates": 78850,
    "TRAINER_training_time_after_min_dataset_in_sec": 2499.309812307358,
    "TRAINER_waiting_time_in_sec": 51.70839881896973,
    "network_updates_per_env_step": 9.696255511154199,
    "total_training_time_in_hours": 0.9131682676739162,
    "total_training_time_in_sec": 3287.4057636260986
}