{
    "COLLECTOR_env_steps_per_sec": 4.853359614271007,
    "COLLECTOR_experience_collecting_time_in_sec": 3430.6132912635803,
    "COLLECTOR_total_number_of_episodes_executed": 333,
    "COLLECTOR_total_number_of_steps_executed": 16650,
    "COLLECTOR_total_saving_time_in_sec": 632.5706059932709,
    "TRAINER_network_updates_per_sec": 47.53588504958609,
    "TRAINER_total_network_updates": 158180,
    "TRAINER_training_time_after_min_dataset_in_sec": 3327.5913519859314,
    "TRAINER_waiting_time_in_sec": 103.09632182121277,
    "network_updates_per_env_step": 9.794428772557824,
    "total_training_time_in_hours": 1.1287521590126885,
    "total_training_time_in_sec": 4063.5077724456787
}