{
    "COLLECTOR_env_steps_per_sec": 3.4503564702050404,
    "COLLECTOR_experience_collecting_time_in_sec": 2399.7520463466644,
    "COLLECTOR_total_number_of_episodes_executed": 92,
    "COLLECTOR_total_number_of_steps_executed": 8280,
    "COLLECTOR_total_saving_time_in_sec": 135.05801701545715,
    "TRAINER_network_updates_per_sec": 34.44941368053326,
    "TRAINER_total_network_updates": 74480,
    "TRAINER_training_time_after_min_dataset_in_sec": 2162.010671377182,
    "TRAINER_waiting_time_in_sec": 237.84352922439575,
    "network_updates_per_env_step": 9.984305673345709,
    "total_training_time_in_hours": 0.7042048308584425,
    "total_training_time_in_sec": 2535.137391090393
}