{
    "COLLECTOR_env_steps_per_sec": 3.0412827077769804,
    "COLLECTOR_experience_collecting_time_in_sec": 5461.511341094971,
    "COLLECTOR_total_number_of_episodes_executed": 151,
    "COLLECTOR_total_number_of_steps_executed": 16610,
    "COLLECTOR_total_saving_time_in_sec": 252.42676997184753,
    "TRAINER_network_updates_per_sec": 12.91588707476579,
    "TRAINER_total_network_updates": 63692,
    "TRAINER_training_time_after_min_dataset_in_sec": 4931.291178941727,
    "TRAINER_waiting_time_in_sec": 530.3015489578247,
    "network_updates_per_env_step": 4.2468551317962255,
    "total_training_time_in_hours": 1.5873115950160557,
    "total_training_time_in_sec": 5714.3217420578
}