{
    "COLLECTOR_env_steps_per_sec": 5.932157054850767,
    "COLLECTOR_experience_collecting_time_in_sec": 14042.109679460526,
    "COLLECTOR_total_number_of_episodes_executed": 1666,
    "COLLECTOR_total_number_of_steps_executed": 83300,
    "COLLECTOR_total_saving_time_in_sec": 756.514764547348,
    "TRAINER_network_updates_per_sec": 59.73145132324943,
    "TRAINER_total_network_updates": 749680,
    "TRAINER_training_time_after_min_dataset_in_sec": 12550.841866254807,
    "TRAINER_waiting_time_in_sec": 1491.332285642624,
    "network_updates_per_env_step": 10.069094727424083,
    "total_training_time_in_hours": 4.110837615397242,
    "total_training_time_in_sec": 14799.015415430069
}