{
    "COLLECTOR_env_steps_per_sec": 6.391534712659017,
    "COLLECTOR_experience_collecting_time_in_sec": 13037.557291984558,
    "COLLECTOR_total_number_of_episodes_executed": 1282,
    "COLLECTOR_total_number_of_steps_executed": 83330,
    "COLLECTOR_total_saving_time_in_sec": 391.8863732814789,
    "TRAINER_network_updates_per_sec": 44.22744521461522,
    "TRAINER_total_network_updates": 510267,
    "TRAINER_training_time_after_min_dataset_in_sec": 11537.338354587555,
    "TRAINER_waiting_time_in_sec": 1500.3361821174622,
    "network_updates_per_env_step": 6.919690998003771,
    "total_training_time_in_hours": 3.7305121150281693,
    "total_training_time_in_sec": 13429.84361410141
}