{
    "COLLECTOR_env_steps_per_sec": 6.489216232080291,
    "COLLECTOR_experience_collecting_time_in_sec": 30820.363021850586,
    "COLLECTOR_total_number_of_episodes_executed": 1000,
    "COLLECTOR_total_number_of_steps_executed": 200000,
    "COLLECTOR_total_saving_time_in_sec": 876.3109686374664,
    "TRAINER_network_updates_per_sec": 40.44757030384815,
    "TRAINER_total_network_updates": 922079,
    "TRAINER_training_time_after_min_dataset_in_sec": 22796.894673109055,
    "TRAINER_waiting_time_in_sec": 8023.603357553482,
    "network_updates_per_env_step": 6.233044000582118,
    "total_training_time_in_hours": 8.804740021030108,
    "total_training_time_in_sec": 31697.06407570839
}