{
    "COLLECTOR_env_steps_per_sec": 5.898079982518958,
    "COLLECTOR_experience_collecting_time_in_sec": 14123.2401471138,
    "COLLECTOR_total_number_of_episodes_executed": 1666,
    "COLLECTOR_total_number_of_steps_executed": 83300,
    "COLLECTOR_total_saving_time_in_sec": 768.6499176025391,
    "TRAINER_network_updates_per_sec": 59.4122287112699,
    "TRAINER_total_network_updates": 749680,
    "TRAINER_training_time_after_min_dataset_in_sec": 12618.277688980103,
    "TRAINER_waiting_time_in_sec": 1505.030963897705,
    "network_updates_per_env_step": 10.073147344111815,
    "total_training_time_in_hours": 4.136741389102406,
    "total_training_time_in_sec": 14892.269000768661
}