{
    "COLLECTOR_env_steps_per_sec": 6.675899320936666,
    "COLLECTOR_experience_collecting_time_in_sec": 6238.85981464386,
    "COLLECTOR_total_number_of_episodes_executed": 833,
    "COLLECTOR_total_number_of_steps_executed": 41650,
    "COLLECTOR_total_saving_time_in_sec": 543.5275025367737,
    "TRAINER_network_updates_per_sec": 66.5466321299406,
    "TRAINER_total_network_updates": 374849,
    "TRAINER_training_time_after_min_dataset_in_sec": 5632.877096891403,
    "TRAINER_waiting_time_in_sec": 606.0743610858917,
    "network_updates_per_env_step": 9.968189891845723,
    "total_training_time_in_hours": 1.8840850689676072,
    "total_training_time_in_sec": 6782.706248283386
}