{
    "COLLECTOR_env_steps_per_sec": 7.140426695096763,
    "COLLECTOR_experience_collecting_time_in_sec": 5835.085461854935,
    "COLLECTOR_total_number_of_episodes_executed": 641,
    "COLLECTOR_total_number_of_steps_executed": 41665,
    "COLLECTOR_total_saving_time_in_sec": 393.3588035106659,
    "TRAINER_network_updates_per_sec": 60.769917278171754,
    "TRAINER_total_network_updates": 306634,
    "TRAINER_training_time_after_min_dataset_in_sec": 5045.818946838379,
    "TRAINER_waiting_time_in_sec": 789.3688273429871,
    "network_updates_per_env_step": 8.510684287243178,
    "total_training_time_in_hours": 1.7302513885498048,
    "total_training_time_in_sec": 6228.904998779297
}