{
    "COLLECTOR_env_steps_per_sec": 3.66417988873963,
    "COLLECTOR_experience_collecting_time_in_sec": 2265.172631263733,
    "COLLECTOR_total_number_of_episodes_executed": 166,
    "COLLECTOR_total_number_of_steps_executed": 8300,
    "COLLECTOR_total_saving_time_in_sec": 538.9520998001099,
    "TRAINER_network_updates_per_sec": 35.50004956984079,
    "TRAINER_total_network_updates": 78850,
    "TRAINER_training_time_after_min_dataset_in_sec": 2221.123659133911,
    "TRAINER_waiting_time_in_sec": 44.11723303794861,
    "network_updates_per_env_step": 9.68840249326617,
    "total_training_time_in_hours": 0.7790064794487424,
    "total_training_time_in_sec": 2804.4233260154724
}