{
    "COLLECTOR_env_steps_per_sec": 2.527974963143974,
    "COLLECTOR_experience_collecting_time_in_sec": 3263.4816880226135,
    "COLLECTOR_total_number_of_episodes_executed": 75,
    "COLLECTOR_total_number_of_steps_executed": 8250,
    "COLLECTOR_total_saving_time_in_sec": 85.5329327583313,
    "TRAINER_network_updates_per_sec": 7.460300509660231,
    "TRAINER_total_network_updates": 22027,
    "TRAINER_training_time_after_min_dataset_in_sec": 2952.562027692795,
    "TRAINER_waiting_time_in_sec": 311.0083029270172,
    "network_updates_per_env_step": 2.95109746671781,
    "total_training_time_in_hours": 0.9303930427630742,
    "total_training_time_in_sec": 3349.4149539470673
}