{
    "COLLECTOR_env_steps_per_sec": 1.170203430672515,
    "COLLECTOR_experience_collecting_time_in_sec": 7118.420423030853,
    "COLLECTOR_total_number_of_episodes_executed": 1666,
    "COLLECTOR_total_number_of_steps_executed": 8330,
    "COLLECTOR_total_saving_time_in_sec": 790.794460773468,
    "TRAINER_network_updates_per_sec": 11.531510450712403,
    "TRAINER_total_network_updates": 79150,
    "TRAINER_training_time_after_min_dataset_in_sec": 6863.8016102313995,
    "TRAINER_waiting_time_in_sec": 254.70043444633484,
    "network_updates_per_env_step": 9.854278451469975,
    "total_training_time_in_hours": 2.197079849441846,
    "total_training_time_in_sec": 7909.487457990646
}