{
    "COLLECTOR_env_steps_per_sec": 6.558355785421247,
    "COLLECTOR_experience_collecting_time_in_sec": 60990.896664857864,
    "COLLECTOR_total_number_of_episodes_executed": 2000,
    "COLLECTOR_total_number_of_steps_executed": 400000,
    "COLLECTOR_total_saving_time_in_sec": 893.2552697658539,
    "TRAINER_network_updates_per_sec": 48.46063300300491,
    "TRAINER_total_network_updates": 2606850,
    "TRAINER_training_time_after_min_dataset_in_sec": 53793.147931814194,
    "TRAINER_waiting_time_in_sec": 7197.853774309158,
    "network_updates_per_env_step": 7.389143649499682,
    "total_training_time_in_hours": 17.190232655803364,
    "total_training_time_in_sec": 61884.837560892105
}