{
    "COLLECTOR_env_steps_per_sec": 5.996645069877153,
    "COLLECTOR_experience_collecting_time_in_sec": 4168.997782707214,
    "COLLECTOR_total_number_of_episodes_executed": 500,
    "COLLECTOR_total_number_of_steps_executed": 25000,
    "COLLECTOR_total_saving_time_in_sec": 743.0837414264679,
    "TRAINER_network_updates_per_sec": 59.09242030341141,
    "TRAINER_total_network_updates": 237510,
    "TRAINER_training_time_after_min_dataset_in_sec": 4019.2972090244293,
    "TRAINER_waiting_time_in_sec": 149.7975161075592,
    "network_updates_per_env_step": 9.854246768788999,
    "total_training_time_in_hours": 1.3645554542541505,
    "total_training_time_in_sec": 4912.399635314941
}