{
    "COLLECTOR_env_steps_per_sec": 4.831878411234264,
    "COLLECTOR_experience_collecting_time_in_sec": 3445.864854812622,
    "COLLECTOR_total_number_of_episodes_executed": 333,
    "COLLECTOR_total_number_of_steps_executed": 16650,
    "COLLECTOR_total_saving_time_in_sec": 695.3798553943634,
    "TRAINER_network_updates_per_sec": 47.30161913242091,
    "TRAINER_total_network_updates": 158180,
    "TRAINER_training_time_after_min_dataset_in_sec": 3344.071575164795,
    "TRAINER_waiting_time_in_sec": 101.86808562278748,
    "network_updates_per_env_step": 9.789488705353845,
    "total_training_time_in_hours": 1.1504836263921525,
    "total_training_time_in_sec": 4141.741055011749
}