{
    "COLLECTOR_env_steps_per_sec": 3.7206902053934328,
    "COLLECTOR_experience_collecting_time_in_sec": 4474.976168632507,
    "COLLECTOR_total_number_of_episodes_executed": 185,
    "COLLECTOR_total_number_of_steps_executed": 16650,
    "COLLECTOR_total_saving_time_in_sec": 484.3343598842621,
    "TRAINER_network_updates_per_sec": 37.383071143346534,
    "TRAINER_total_network_updates": 149850,
    "TRAINER_training_time_after_min_dataset_in_sec": 4008.498911857605,
    "TRAINER_waiting_time_in_sec": 466.55152773857117,
    "network_updates_per_env_step": 10.047348497103261,
    "total_training_time_in_hours": 1.3776761200030645,
    "total_training_time_in_sec": 4959.634032011032
}