{
    "COLLECTOR_env_steps_per_sec": 3.2704645588127925,
    "COLLECTOR_experience_collecting_time_in_sec": 2537.8657529354095,
    "COLLECTOR_total_number_of_episodes_executed": 166,
    "COLLECTOR_total_number_of_steps_executed": 8300,
    "COLLECTOR_total_saving_time_in_sec": 756.7075152397156,
    "TRAINER_network_updates_per_sec": 31.692836152594932,
    "TRAINER_total_network_updates": 78850,
    "TRAINER_training_time_after_min_dataset_in_sec": 2487.9439511299133,
    "TRAINER_waiting_time_in_sec": 50.03512954711914,
    "network_updates_per_env_step": 9.690622106634207,
    "total_training_time_in_hours": 0.9152791663010915,
    "total_training_time_in_sec": 3295.0049986839294
}