{
    "COLLECTOR_env_steps_per_sec": 2.1463114750937287,
    "COLLECTOR_experience_collecting_time_in_sec": 3843.8037049770355,
    "COLLECTOR_total_number_of_episodes_executed": 75,
    "COLLECTOR_total_number_of_steps_executed": 8250,
    "COLLECTOR_total_saving_time_in_sec": 155.2617073059082,
    "TRAINER_network_updates_per_sec": 7.542498338049212,
    "TRAINER_total_network_updates": 26198,
    "TRAINER_training_time_after_min_dataset_in_sec": 3473.3849217891693,
    "TRAINER_waiting_time_in_sec": 370.4996135234833,
    "network_updates_per_env_step": 3.514167643221417,
    "total_training_time_in_hours": 1.110948930448956,
    "total_training_time_in_sec": 3999.4161496162415
}