{
    "COLLECTOR_env_steps_per_sec": 7.736910343792948,
    "COLLECTOR_experience_collecting_time_in_sec": 4291.118615150452,
    "COLLECTOR_total_number_of_episodes_executed": 166,
    "COLLECTOR_total_number_of_steps_executed": 33200,
    "COLLECTOR_total_saving_time_in_sec": 978.5894556045532,
    "TRAINER_network_updates_per_sec": 77.07575008234161,
    "TRAINER_total_network_updates": 315350,
    "TRAINER_training_time_after_min_dataset_in_sec": 4091.4295308589935,
    "TRAINER_waiting_time_in_sec": 199.7739062309265,
    "network_updates_per_env_step": 9.962083914307833,
    "total_training_time_in_hours": 1.4638979826370875,
    "total_training_time_in_sec": 5270.032737493515
}