{
    "COLLECTOR_env_steps_per_sec": 6.602941497314892,
    "COLLECTOR_experience_collecting_time_in_sec": 6310.06650853157,
    "COLLECTOR_total_number_of_episodes_executed": 641,
    "COLLECTOR_total_number_of_steps_executed": 41665,
    "COLLECTOR_total_saving_time_in_sec": 322.0675799846649,
    "TRAINER_network_updates_per_sec": 48.30928290370741,
    "TRAINER_total_network_updates": 269245,
    "TRAINER_training_time_after_min_dataset_in_sec": 5573.359483242035,
    "TRAINER_waiting_time_in_sec": 736.8220088481903,
    "network_updates_per_env_step": 7.316327567547364,
    "total_training_time_in_hours": 1.8423815512657165,
    "total_training_time_in_sec": 6632.57358455658
}