{
    "COLLECTOR_env_steps_per_sec": 4.819105577979149,
    "COLLECTOR_experience_collecting_time_in_sec": 17285.365230560303,
    "COLLECTOR_total_number_of_episodes_executed": 2380,
    "COLLECTOR_total_number_of_steps_executed": 83300,
    "COLLECTOR_total_saving_time_in_sec": 406.3494281768799,
    "TRAINER_network_updates_per_sec": 23.920892476210764,
    "TRAINER_total_network_updates": 366607,
    "TRAINER_training_time_after_min_dataset_in_sec": 15325.807779312134,
    "TRAINER_waiting_time_in_sec": 1959.6816260814667,
    "network_updates_per_env_step": 4.963761861851921,
    "total_training_time_in_hours": 4.91448067996237,
    "total_training_time_in_sec": 17692.130447864532
}