{
    "COLLECTOR_env_steps_per_sec": 3.052684588538687,
    "COLLECTOR_experience_collecting_time_in_sec": 27294.00879240036,
    "COLLECTOR_total_number_of_episodes_executed": 4166,
    "COLLECTOR_total_number_of_steps_executed": 83320,
    "COLLECTOR_total_saving_time_in_sec": 396.36471152305603,
    "TRAINER_network_updates_per_sec": 23.04407343930603,
    "TRAINER_total_network_updates": 560037,
    "TRAINER_training_time_after_min_dataset_in_sec": 24302.86474633217,
    "TRAINER_waiting_time_in_sec": 2991.2701008319855,
    "network_updates_per_env_step": 7.5487895231053574,
    "total_training_time_in_hours": 7.691874859597948,
    "total_training_time_in_sec": 27690.749494552612
}