{
    "COLLECTOR_env_steps_per_sec": 1.014414525210719,
    "COLLECTOR_experience_collecting_time_in_sec": 8211.633206129074,
    "COLLECTOR_total_number_of_episodes_executed": 1666,
    "COLLECTOR_total_number_of_steps_executed": 8330,
    "COLLECTOR_total_saving_time_in_sec": 254.32429552078247,
    "TRAINER_network_updates_per_sec": 5.327687264409393,
    "TRAINER_total_network_updates": 42178,
    "TRAINER_training_time_after_min_dataset_in_sec": 7916.755978107452,
    "TRAINER_waiting_time_in_sec": 294.95642042160034,
    "network_updates_per_env_step": 5.251982431247916,
    "total_training_time_in_hours": 2.351773511899842,
    "total_training_time_in_sec": 8466.384642839432
}