{
    "COLLECTOR_env_steps_per_sec": 3.0283070859330663,
    "COLLECTOR_experience_collecting_time_in_sec": 5484.9127016067505,
    "COLLECTOR_total_number_of_episodes_executed": 151,
    "COLLECTOR_total_number_of_steps_executed": 16610,
    "COLLECTOR_total_saving_time_in_sec": 256.8269274234772,
    "TRAINER_network_updates_per_sec": 12.27952564418703,
    "TRAINER_total_network_updates": 60840,
    "TRAINER_training_time_after_min_dataset_in_sec": 4954.58878159523,
    "TRAINER_waiting_time_in_sec": 530.4027307033539,
    "network_updates_per_env_step": 4.054914279079305,
    "total_training_time_in_hours": 1.5950225530730353,
    "total_training_time_in_sec": 5742.081191062927
}