{
    "COLLECTOR_env_steps_per_sec": 3.2243298925590715,
    "COLLECTOR_experience_collecting_time_in_sec": 25841.028299331665,
    "COLLECTOR_total_number_of_episodes_executed": 4166,
    "COLLECTOR_total_number_of_steps_executed": 83320,
    "COLLECTOR_total_saving_time_in_sec": 405.1154589653015,
    "TRAINER_network_updates_per_sec": 16.29609739581314,
    "TRAINER_total_network_updates": 374049,
    "TRAINER_training_time_after_min_dataset_in_sec": 22953.286968946457,
    "TRAINER_waiting_time_in_sec": 2887.862117290497,
    "network_updates_per_env_step": 5.054103624266351,
    "total_training_time_in_hours": 7.2906982071532145,
    "total_training_time_in_sec": 26246.51354575157
}