{
    "COLLECTOR__experience_collecting_time_in_sec": 52524.16710782051,
    "COLLECTOR_env_steps_per_sec": 7.615541988107843,
    "COLLECTOR_total_number_of_episodes_executed_subtask": 2001,
    "COLLECTOR_total_number_of_steps_executed_subtask": 400000,
    "COLLECTOR_total_saving_time_in_sec": 1054.7663748264313,
    "TRAINER_network_updates_per_sec": 304.19722778492473,
    "TRAINER_total_network_updates": 14302005,
    "TRAINER_training_time_after_min_dataset_in_sec": 47015.566526174545,
    "TRAINER_waiting_time_in_sec": 6563.379106760025,
    "network_updates_per_env_step": 39.94426506477782,
    "total_training_time_in_hours": 14.883552085359891,
    "total_training_time_in_sec": 53580.78750729561
}