{
    "COLLECTOR_env_steps_per_sec": 2.57022852241029,
    "COLLECTOR_experience_collecting_time_in_sec": 3237.066248178482,
    "COLLECTOR_total_number_of_episodes_executed": 416,
    "COLLECTOR_total_number_of_steps_executed": 8320,
    "COLLECTOR_total_saving_time_in_sec": 248.65814661979675,
    "TRAINER_network_updates_per_sec": 10.842794464385095,
    "TRAINER_total_network_updates": 34338,
    "TRAINER_training_time_after_min_dataset_in_sec": 3166.895776987076,
    "TRAINER_waiting_time_in_sec": 70.2477388381958,
    "network_updates_per_env_step": 4.21861105728335,
    "total_training_time_in_hours": 0.9683505393399132,
    "total_training_time_in_sec": 3486.0619416236877
}