{
    "COLLECTOR__experience_collecting_time_in_sec": 125535.19712924957,
    "COLLECTOR_env_steps_per_sec": 7.965893413704618,
    "COLLECTOR_total_number_of_episodes_executed_subtask": 5001,
    "COLLECTOR_total_number_of_steps_executed_subtask": 1000000,
    "COLLECTOR_total_saving_time_in_sec": 1000.748875617981,
    "TRAINER_network_updates_per_sec": 271.4519551214288,
    "TRAINER_total_network_updates": 32682805,
    "TRAINER_training_time_after_min_dataset_in_sec": 120399.96169996262,
    "TRAINER_waiting_time_in_sec": 6136.005410909653,
    "network_updates_per_env_step": 34.07677469728877,
    "total_training_time_in_hours": 35.149497459199694,
    "total_training_time_in_sec": 126538.1908531189
}