{
    "COLLECTOR_env_steps_per_sec": 3.769676621111918,
    "COLLECTOR_experience_collecting_time_in_sec": 4416.824484825134,
    "COLLECTOR_total_number_of_episodes_executed": 185,
    "COLLECTOR_total_number_of_steps_executed": 16650,
    "COLLECTOR_total_saving_time_in_sec": 471.7567822933197,
    "TRAINER_network_updates_per_sec": 37.88438480776463,
    "TRAINER_total_network_updates": 149850,
    "TRAINER_training_time_after_min_dataset_in_sec": 3955.455546140671,
    "TRAINER_waiting_time_in_sec": 461.4701497554779,
    "network_updates_per_env_step": 10.049770475163493,
    "total_training_time_in_hours": 1.3580196807781855,
    "total_training_time_in_sec": 4888.870850801468
}