{
    "COLLECTOR_env_steps_per_sec": 9.46802646308954,
    "COLLECTOR_experience_collecting_time_in_sec": 7034.200871706009,
    "COLLECTOR_total_number_of_episodes_executed": 333,
    "COLLECTOR_total_number_of_steps_executed": 66600,
    "COLLECTOR_total_saving_time_in_sec": 213.46166729927063,
    "TRAINER_network_updates_per_sec": 45.83489340814066,
    "TRAINER_total_network_updates": 88770,
    "TRAINER_training_time_after_min_dataset_in_sec": 1936.7340774536133,
    "TRAINER_waiting_time_in_sec": 5097.555610179901,
    "network_updates_per_env_step": 4.8410187262176425,
    "total_training_time_in_hours": 2.0133451284302604,
    "total_training_time_in_sec": 7248.042462348938
}