{
    "COLLECTOR_env_steps_per_sec": 5.210705718378533,
    "COLLECTOR_experience_collecting_time_in_sec": 38382.51684308052,
    "COLLECTOR_total_number_of_episodes_executed": 1000,
    "COLLECTOR_total_number_of_steps_executed": 200000,
    "COLLECTOR_total_saving_time_in_sec": 986.6051688194275,
    "TRAINER_network_updates_per_sec": 23.496582764408423,
    "TRAINER_total_network_updates": 723017,
    "TRAINER_training_time_after_min_dataset_in_sec": 30771.155416488647,
    "TRAINER_waiting_time_in_sec": 7611.5091984272,
    "network_updates_per_env_step": 4.509289918548708,
    "total_training_time_in_hours": 10.935982661710845,
    "total_training_time_in_sec": 39369.53758215904
}