{
    "COLLECTOR_env_steps_per_sec": 3.153919573606048,
    "COLLECTOR_experience_collecting_time_in_sec": 2625.3047380447388,
    "COLLECTOR_total_number_of_episodes_executed": 92,
    "COLLECTOR_total_number_of_steps_executed": 8280,
    "COLLECTOR_total_saving_time_in_sec": 195.59519696235657,
    "TRAINER_network_updates_per_sec": 31.51461357746064,
    "TRAINER_total_network_updates": 74480,
    "TRAINER_training_time_after_min_dataset_in_sec": 2363.3480327129364,
    "TRAINER_waiting_time_in_sec": 262.04451727867126,
    "network_updates_per_env_step": 9.992205838473003,
    "total_training_time_in_hours": 0.7836821407741971,
    "total_training_time_in_sec": 2821.2557067871094
}