{
    "COLLECTOR_env_steps_per_sec": 3.7183620186582913,
    "COLLECTOR_experience_collecting_time_in_sec": 4477.778095960617,
    "COLLECTOR_total_number_of_episodes_executed": 185,
    "COLLECTOR_total_number_of_steps_executed": 16650,
    "COLLECTOR_total_saving_time_in_sec": 488.8273129463196,
    "TRAINER_network_updates_per_sec": 37.280766648714945,
    "TRAINER_total_network_updates": 149850,
    "TRAINER_training_time_after_min_dataset_in_sec": 4019.4988856315613,
    "TRAINER_waiting_time_in_sec": 458.36467719078064,
    "network_updates_per_env_step": 10.026126144158251,
    "total_training_time_in_hours": 1.3796853231721453,
    "total_training_time_in_sec": 4966.8671634197235
}