{
    "COLLECTOR_env_steps_per_sec": 3.275774488949193,
    "COLLECTOR_experience_collecting_time_in_sec": 2533.751950263977,
    "COLLECTOR_total_number_of_episodes_executed": 166,
    "COLLECTOR_total_number_of_steps_executed": 8300,
    "COLLECTOR_total_saving_time_in_sec": 735.9941554069519,
    "TRAINER_network_updates_per_sec": 31.749076636259296,
    "TRAINER_total_network_updates": 78850,
    "TRAINER_training_time_after_min_dataset_in_sec": 2483.53679394722,
    "TRAINER_waiting_time_in_sec": 50.3018262386322,
    "network_updates_per_env_step": 9.692082511590657,
    "total_training_time_in_hours": 0.9083441559473674,
    "total_training_time_in_sec": 3270.0389614105225
}