{
    "COLLECTOR_env_steps_per_sec": 3.8970891980932256,
    "COLLECTOR_experience_collecting_time_in_sec": 2129.7947206497192,
    "COLLECTOR_total_number_of_episodes_executed": 166,
    "COLLECTOR_total_number_of_steps_executed": 8300,
    "COLLECTOR_total_saving_time_in_sec": 421.8161053657532,
    "TRAINER_network_updates_per_sec": 37.76926211742021,
    "TRAINER_total_network_updates": 78849,
    "TRAINER_training_time_after_min_dataset_in_sec": 2087.6499984264374,
    "TRAINER_waiting_time_in_sec": 42.25199246406555,
    "network_updates_per_env_step": 9.691659645845423,
    "total_training_time_in_hours": 0.7088703632354736,
    "total_training_time_in_sec": 2551.933307647705
}