{
    "COLLECTOR_env_steps_per_sec": 3.4361841111352147,
    "COLLECTOR_experience_collecting_time_in_sec": 2409.6496963500977,
    "COLLECTOR_total_number_of_episodes_executed": 92,
    "COLLECTOR_total_number_of_steps_executed": 8280,
    "COLLECTOR_total_saving_time_in_sec": 137.31552910804749,
    "TRAINER_network_updates_per_sec": 34.21989399647599,
    "TRAINER_total_network_updates": 74477,
    "TRAINER_training_time_after_min_dataset_in_sec": 2176.424041748047,
    "TRAINER_waiting_time_in_sec": 233.3174500465393,
    "network_updates_per_env_step": 9.95869048040349,
    "total_training_time_in_hours": 0.7075661742687225,
    "total_training_time_in_sec": 2547.238227367401
}