{
    "COLLECTOR_env_steps_per_sec": 1.872208172095993,
    "COLLECTOR_experience_collecting_time_in_sec": 4406.561259031296,
    "COLLECTOR_total_number_of_episodes_executed": 75,
    "COLLECTOR_total_number_of_steps_executed": 8250,
    "COLLECTOR_total_saving_time_in_sec": 230.66522789001465,
    "TRAINER_network_updates_per_sec": 7.523605291718568,
    "TRAINER_total_network_updates": 29941,
    "TRAINER_training_time_after_min_dataset_in_sec": 3979.6080255508423,
    "TRAINER_waiting_time_in_sec": 427.0319137573242,
    "network_updates_per_env_step": 4.018573043239987,
    "total_training_time_in_hours": 1.28824840426445,
    "total_training_time_in_sec": 4637.69425535202
}