{
    "COLLECTOR_env_steps_per_sec": 3.2586001290687925,
    "COLLECTOR_experience_collecting_time_in_sec": 2547.106018304825,
    "COLLECTOR_total_number_of_episodes_executed": 166,
    "COLLECTOR_total_number_of_steps_executed": 8300,
    "COLLECTOR_total_saving_time_in_sec": 726.6839637756348,
    "TRAINER_network_updates_per_sec": 31.586367308736037,
    "TRAINER_total_network_updates": 78845,
    "TRAINER_training_time_after_min_dataset_in_sec": 2496.1718208789825,
    "TRAINER_waiting_time_in_sec": 51.0242965221405,
    "network_updates_per_env_step": 9.693232080538353,
    "total_training_time_in_hours": 0.9094736718469196,
    "total_training_time_in_sec": 3274.1052186489105
}