{
    "COLLECTOR_env_steps_per_sec": 6.552076936021232,
    "COLLECTOR_experience_collecting_time_in_sec": 10164.71580696106,
    "COLLECTOR_total_number_of_episodes_executed": 333,
    "COLLECTOR_total_number_of_steps_executed": 66600,
    "COLLECTOR_total_saving_time_in_sec": 505.4484701156616,
    "TRAINER_network_updates_per_sec": 45.17664923016841,
    "TRAINER_total_network_updates": 124972,
    "TRAINER_training_time_after_min_dataset_in_sec": 2766.2963528633118,
    "TRAINER_waiting_time_in_sec": 7398.513246059418,
    "network_updates_per_env_step": 6.895012020051471,
    "total_training_time_in_hours": 2.9640667363007864,
    "total_training_time_in_sec": 10670.64025068283
}