{
    "COLLECTOR_env_steps_per_sec": 3.6684621909018045,
    "COLLECTOR_experience_collecting_time_in_sec": 22712.514308214188,
    "COLLECTOR_total_number_of_episodes_executed": 4166,
    "COLLECTOR_total_number_of_steps_executed": 83320,
    "COLLECTOR_total_saving_time_in_sec": 750.5807995796204,
    "TRAINER_network_updates_per_sec": 36.94966328426605,
    "TRAINER_total_network_updates": 749880,
    "TRAINER_training_time_after_min_dataset_in_sec": 20294.63690185547,
    "TRAINER_waiting_time_in_sec": 2417.9550020694733,
    "network_updates_per_env_step": 10.072248632112208,
    "total_training_time_in_hours": 6.517605145242479,
    "total_training_time_in_sec": 23463.378522872925
}