{
    "COLLECTOR_env_steps_per_sec": 6.767726153790783,
    "COLLECTOR_experience_collecting_time_in_sec": 7380.617782831192,
    "COLLECTOR_total_number_of_episodes_executed": 555,
    "COLLECTOR_total_number_of_steps_executed": 49950,
    "COLLECTOR_total_saving_time_in_sec": 455.91219115257263,
    "TRAINER_network_updates_per_sec": 68.96786833464955,
    "TRAINER_total_network_updates": 449510,
    "TRAINER_training_time_after_min_dataset_in_sec": 6517.672806978226,
    "TRAINER_waiting_time_in_sec": 863.036298751831,
    "network_updates_per_env_step": 10.190700209703198,
    "total_training_time_in_hours": 2.1768912518024446,
    "total_training_time_in_sec": 7836.8085064888
}