{
    "COLLECTOR_env_steps_per_sec": 7.622819673211342,
    "COLLECTOR_experience_collecting_time_in_sec": 5465.825217723846,
    "COLLECTOR_total_number_of_episodes_executed": 641,
    "COLLECTOR_total_number_of_steps_executed": 41665,
    "COLLECTOR_total_saving_time_in_sec": 218.24571418762207,
    "TRAINER_network_updates_per_sec": 48.156866513026465,
    "TRAINER_total_network_updates": 232700,
    "TRAINER_training_time_after_min_dataset_in_sec": 4832.125029087067,
    "TRAINER_waiting_time_in_sec": 633.8078119754791,
    "network_updates_per_env_step": 6.317461067885781,
    "total_training_time_in_hours": 1.5790330813328426,
    "total_training_time_in_sec": 5684.519092798233
}