{
    "COLLECTOR_env_steps_per_sec": 2.727408948168025,
    "COLLECTOR_experience_collecting_time_in_sec": 3043.18133354187,
    "COLLECTOR_total_number_of_episodes_executed": 166,
    "COLLECTOR_total_number_of_steps_executed": 8300,
    "COLLECTOR_total_saving_time_in_sec": 242.45025777816772,
    "TRAINER_network_updates_per_sec": 10.917149946246578,
    "TRAINER_total_network_updates": 32560,
    "TRAINER_training_time_after_min_dataset_in_sec": 2982.4633865356445,
    "TRAINER_waiting_time_in_sec": 60.80043172836304,
    "network_updates_per_env_step": 4.002755052035568,
    "total_training_time_in_hours": 0.9127692715326945,
    "total_training_time_in_sec": 3285.9693775177
}