{
    "COLLECTOR_env_steps_per_sec": 2.148758632546778,
    "COLLECTOR_experience_collecting_time_in_sec": 3839.426110982895,
    "COLLECTOR_total_number_of_episodes_executed": 75,
    "COLLECTOR_total_number_of_steps_executed": 8250,
    "COLLECTOR_total_saving_time_in_sec": 152.7916328907013,
    "TRAINER_network_updates_per_sec": 7.5285074979130915,
    "TRAINER_total_network_updates": 26133,
    "TRAINER_training_time_after_min_dataset_in_sec": 3471.205947160721,
    "TRAINER_waiting_time_in_sec": 368.29889941215515,
    "network_updates_per_env_step": 3.503654335056731,
    "total_training_time_in_hours": 1.1090497512287563,
    "total_training_time_in_sec": 3992.579104423523
}