{
    "COLLECTOR_env_steps_per_sec": 3.2604295972036472,
    "COLLECTOR_experience_collecting_time_in_sec": 2545.6768050193787,
    "COLLECTOR_total_number_of_episodes_executed": 166,
    "COLLECTOR_total_number_of_steps_executed": 8300,
    "COLLECTOR_total_saving_time_in_sec": 760.4657139778137,
    "TRAINER_network_updates_per_sec": 31.60186845054762,
    "TRAINER_total_network_updates": 78850,
    "TRAINER_training_time_after_min_dataset_in_sec": 2495.105633497238,
    "TRAINER_waiting_time_in_sec": 50.64608550071716,
    "network_updates_per_env_step": 9.692547410823225,
    "total_training_time_in_hours": 0.9184508581956228,
    "total_training_time_in_sec": 3306.423089504242
}