{
    "COLLECTOR_env_steps_per_sec": 2.3302501319523246,
    "COLLECTOR_experience_collecting_time_in_sec": 1780.9246926307678,
    "COLLECTOR_total_number_of_episodes_executed": 83,
    "COLLECTOR_total_number_of_steps_executed": 4150,
    "COLLECTOR_total_saving_time_in_sec": 435.43473172187805,
    "TRAINER_network_updates_per_sec": 22.399000431790817,
    "TRAINER_total_network_updates": 39426,
    "TRAINER_training_time_after_min_dataset_in_sec": 1760.1678307056427,
    "TRAINER_waiting_time_in_sec": 20.826875925064087,
    "network_updates_per_env_step": 9.61227300222253,
    "total_training_time_in_hours": 0.6157333657476637,
    "total_training_time_in_sec": 2216.6401166915894
}