{
    "COLLECTOR_env_steps_per_sec": 2.810612669191041,
    "COLLECTOR_experience_collecting_time_in_sec": 2935.3030712604523,
    "COLLECTOR_total_number_of_episodes_executed": 75,
    "COLLECTOR_total_number_of_steps_executed": 8250,
    "COLLECTOR_total_saving_time_in_sec": 52.51598620414734,
    "TRAINER_network_updates_per_sec": 7.244073394316811,
    "TRAINER_total_network_updates": 19216,
    "TRAINER_training_time_after_min_dataset_in_sec": 2652.651202440262,
    "TRAINER_waiting_time_in_sec": 282.7371006011963,
    "network_updates_per_env_step": 2.577400107002941,
    "total_training_time_in_hours": 0.8300406575865216,
    "total_training_time_in_sec": 2988.1463673114777
}