{
    "COLLECTOR_env_steps_per_sec": 1.1856266548898555,
    "COLLECTOR_experience_collecting_time_in_sec": 14055.858082532883,
    "COLLECTOR_total_number_of_episodes_executed": 3333,
    "COLLECTOR_total_number_of_steps_executed": 16665,
    "COLLECTOR_total_saving_time_in_sec": 674.8934030532837,
    "TRAINER_network_updates_per_sec": 11.822640531244575,
    "TRAINER_total_network_updates": 158330,
    "TRAINER_training_time_after_min_dataset_in_sec": 13392.101331472397,
    "TRAINER_waiting_time_in_sec": 663.8409342765808,
    "network_updates_per_env_step": 9.971638611939689,
    "total_training_time_in_hours": 4.091955151028103,
    "total_training_time_in_sec": 14731.038543701172
}