{
    "COLLECTOR_env_steps_per_sec": 5.909379132562037,
    "COLLECTOR_experience_collecting_time_in_sec": 22540.439022779465,
    "COLLECTOR_total_number_of_episodes_executed": 666,
    "COLLECTOR_total_number_of_steps_executed": 133200,
    "COLLECTOR_total_saving_time_in_sec": 619.5336837768555,
    "TRAINER_network_updates_per_sec": 53.757072654270026,
    "TRAINER_total_network_updates": 766956,
    "TRAINER_training_time_after_min_dataset_in_sec": 14267.071515083313,
    "TRAINER_waiting_time_in_sec": 8273.451337099075,
    "network_updates_per_env_step": 9.096907043593836,
    "total_training_time_in_hours": 6.43342823015319,
    "total_training_time_in_sec": 23160.341628551483
}