{
    "COLLECTOR_env_steps_per_sec": 7.098649795119692,
    "COLLECTOR_experience_collecting_time_in_sec": 23469.251873016357,
    "COLLECTOR_total_number_of_episodes_executed": 833,
    "COLLECTOR_total_number_of_steps_executed": 166600,
    "COLLECTOR_total_saving_time_in_sec": 895.8772654533386,
    "TRAINER_network_updates_per_sec": 72.73852838452892,
    "TRAINER_total_network_updates": 1166000,
    "TRAINER_training_time_after_min_dataset_in_sec": 16030.019109487534,
    "TRAINER_waiting_time_in_sec": 7439.321362495422,
    "network_updates_per_env_step": 10.246811785888708,
    "total_training_time_in_hours": 6.7681803364886175,
    "total_training_time_in_sec": 24365.449211359024
}