{
    "COLLECTOR_env_steps_per_sec": 1.8675603175440154,
    "COLLECTOR_experience_collecting_time_in_sec": 4417.528002977371,
    "COLLECTOR_total_number_of_episodes_executed": 75,
    "COLLECTOR_total_number_of_steps_executed": 8250,
    "COLLECTOR_total_saving_time_in_sec": 221.27999806404114,
    "TRAINER_network_updates_per_sec": 7.680608378363121,
    "TRAINER_total_network_updates": 30660,
    "TRAINER_training_time_after_min_dataset_in_sec": 3991.871280193329,
    "TRAINER_waiting_time_in_sec": 425.7333495616913,
    "network_updates_per_env_step": 4.112642738342025,
    "total_training_time_in_hours": 1.2886560354630152,
    "total_training_time_in_sec": 4639.161727666855
}