{
    "COLLECTOR_env_steps_per_sec": 4.876681766244648,
    "COLLECTOR_experience_collecting_time_in_sec": 3414.2067902088165,
    "COLLECTOR_total_number_of_episodes_executed": 333,
    "COLLECTOR_total_number_of_steps_executed": 16650,
    "COLLECTOR_total_saving_time_in_sec": 668.5762453079224,
    "TRAINER_network_updates_per_sec": 47.77074902343379,
    "TRAINER_total_network_updates": 158180,
    "TRAINER_training_time_after_min_dataset_in_sec": 3311.23131275177,
    "TRAINER_waiting_time_in_sec": 103.04881501197815,
    "network_updates_per_env_step": 9.795748690040169,
    "total_training_time_in_hours": 1.1342123450835546,
    "total_training_time_in_sec": 4083.1644423007965
}