{
    "COLLECTOR_env_steps_per_sec": 2.332510493105472,
    "COLLECTOR_experience_collecting_time_in_sec": 3549.8232588768005,
    "COLLECTOR_total_number_of_episodes_executed": 92,
    "COLLECTOR_total_number_of_steps_executed": 8280,
    "COLLECTOR_total_saving_time_in_sec": 467.5162787437439,
    "TRAINER_network_updates_per_sec": 23.38791163227133,
    "TRAINER_total_network_updates": 74480,
    "TRAINER_training_time_after_min_dataset_in_sec": 3184.551112174988,
    "TRAINER_waiting_time_in_sec": 365.33912658691406,
    "network_updates_per_env_step": 10.026926653235753,
    "total_training_time_in_hours": 1.116000159184138,
    "total_training_time_in_sec": 4017.6005730628967
}