{
    "COLLECTOR_env_steps_per_sec": 2.1916995985354872,
    "COLLECTOR_experience_collecting_time_in_sec": 1893.5076699256897,
    "COLLECTOR_total_number_of_episodes_executed": 83,
    "COLLECTOR_total_number_of_steps_executed": 4150,
    "COLLECTOR_total_saving_time_in_sec": 536.3665022850037,
    "TRAINER_network_updates_per_sec": 21.074741212273583,
    "TRAINER_total_network_updates": 39430,
    "TRAINER_training_time_after_min_dataset_in_sec": 1870.9601035118103,
    "TRAINER_waiting_time_in_sec": 22.6426203250885,
    "network_updates_per_env_step": 9.615707018587724,
    "total_training_time_in_hours": 0.6750541438659032,
    "total_training_time_in_sec": 2430.1949179172516
}