{
    "COLLECTOR_env_steps_per_sec": 2.666495136637491,
    "COLLECTOR_experience_collecting_time_in_sec": 1556.3501102924347,
    "COLLECTOR_total_number_of_episodes_executed": 83,
    "COLLECTOR_total_number_of_steps_executed": 4150,
    "COLLECTOR_total_saving_time_in_sec": 221.18845343589783,
    "TRAINER_network_updates_per_sec": 25.62927424628656,
    "TRAINER_total_network_updates": 39419,
    "TRAINER_training_time_after_min_dataset_in_sec": 1538.0458931922913,
    "TRAINER_waiting_time_in_sec": 18.398584604263306,
    "network_updates_per_env_step": 9.611596096367023,
    "total_training_time_in_hours": 0.4938407615820567,
    "total_training_time_in_sec": 1777.826741695404
}