{
    "COLLECTOR_env_steps_per_sec": 2.4788695186321346,
    "COLLECTOR_experience_collecting_time_in_sec": 1674.1502401828766,
    "COLLECTOR_total_number_of_episodes_executed": 83,
    "COLLECTOR_total_number_of_steps_executed": 4150,
    "COLLECTOR_total_saving_time_in_sec": 336.1814396381378,
    "TRAINER_network_updates_per_sec": 23.834060693448667,
    "TRAINER_total_network_updates": 39426,
    "TRAINER_training_time_after_min_dataset_in_sec": 1654.1872787475586,
    "TRAINER_waiting_time_in_sec": 20.025373458862305,
    "network_updates_per_env_step": 9.614891189028999,
    "total_training_time_in_hours": 0.5585021546814177,
    "total_training_time_in_sec": 2010.6077568531036
}