{
    "COLLECTOR_env_steps_per_sec": 3.0367686717265845,
    "COLLECTOR_experience_collecting_time_in_sec": 5469.629660844803,
    "COLLECTOR_total_number_of_episodes_executed": 151,
    "COLLECTOR_total_number_of_steps_executed": 16610,
    "COLLECTOR_total_saving_time_in_sec": 247.42877745628357,
    "TRAINER_network_updates_per_sec": 13.218774516053669,
    "TRAINER_total_network_updates": 65247,
    "TRAINER_training_time_after_min_dataset_in_sec": 4935.934108018875,
    "TRAINER_waiting_time_in_sec": 533.7738809585571,
    "network_updates_per_env_step": 4.352907957436878,
    "total_training_time_in_hours": 1.5881628276904425,
    "total_training_time_in_sec": 5717.386179685593
}