{
    "COLLECTOR_env_steps_per_sec": 3.553968651549551,
    "COLLECTOR_experience_collecting_time_in_sec": 4687.7172067165375,
    "COLLECTOR_total_number_of_episodes_executed": 833,
    "COLLECTOR_total_number_of_steps_executed": 16660,
    "COLLECTOR_total_saving_time_in_sec": 737.6273190975189,
    "TRAINER_network_updates_per_sec": 34.64177198001092,
    "TRAINER_total_network_updates": 158280,
    "TRAINER_training_time_after_min_dataset_in_sec": 4569.050338745117,
    "TRAINER_waiting_time_in_sec": 118.7400586605072,
    "network_updates_per_env_step": 9.747348774420649,
    "total_training_time_in_hours": 1.50712335507075,
    "total_training_time_in_sec": 5425.6440782547
}