{
    "COLLECTOR_env_steps_per_sec": 14.551446394618813,
    "COLLECTOR_experience_collecting_time_in_sec": 6872.16908121109,
    "COLLECTOR_total_number_of_episodes_executed": 500,
    "COLLECTOR_total_number_of_steps_executed": 100000,
    "COLLECTOR_total_saving_time_in_sec": 276.33967876434326,
    "TRAINER_network_updates_per_sec": 35.87066141319035,
    "TRAINER_total_network_updates": 111736,
    "TRAINER_training_time_after_min_dataset_in_sec": 3114.9690470695496,
    "TRAINER_waiting_time_in_sec": 3757.339379310608,
    "network_updates_per_env_step": 2.4650925028631843,
    "total_training_time_in_hours": 1.9858216395643022,
    "total_training_time_in_sec": 7148.957902431488
}