{
    "COLLECTOR_env_steps_per_sec": 6.8994967050416545,
    "COLLECTOR_experience_collecting_time_in_sec": 36233.07767033577,
    "COLLECTOR_total_number_of_episodes_executed": 3846,
    "COLLECTOR_total_number_of_steps_executed": 249990,
    "COLLECTOR_total_saving_time_in_sec": 366.1759424209595,
    "TRAINER_network_updates_per_sec": 34.53734535420819,
    "TRAINER_total_network_updates": 1087921,
    "TRAINER_training_time_after_min_dataset_in_sec": 31499.844265460968,
    "TRAINER_waiting_time_in_sec": 4733.36366891861,
    "network_updates_per_env_step": 5.005777498084866,
    "total_training_time_in_hours": 10.166772799094518,
    "total_training_time_in_sec": 36600.382076740265
}