{
    "COLLECTOR_env_steps_per_sec": 3.690060666403587,
    "COLLECTOR_experience_collecting_time_in_sec": 4512.120939254761,
    "COLLECTOR_total_number_of_episodes_executed": 185,
    "COLLECTOR_total_number_of_steps_executed": 16650,
    "COLLECTOR_total_saving_time_in_sec": 470.88212990760803,
    "TRAINER_network_updates_per_sec": 37.07946635276931,
    "TRAINER_total_network_updates": 149850,
    "TRAINER_training_time_after_min_dataset_in_sec": 4041.320297718048,
    "TRAINER_waiting_time_in_sec": 470.87959003448486,
    "network_updates_per_env_step": 10.048470663466832,
    "total_training_time_in_hours": 1.384240231845114,
    "total_training_time_in_sec": 4983.26483464241
}