{
    "COLLECTOR_env_steps_per_sec": 2.723155894142677,
    "COLLECTOR_experience_collecting_time_in_sec": 3047.934206724167,
    "COLLECTOR_total_number_of_episodes_executed": 166,
    "COLLECTOR_total_number_of_steps_executed": 8300,
    "COLLECTOR_total_saving_time_in_sec": 246.7410430908203,
    "TRAINER_network_updates_per_sec": 11.630029954033832,
    "TRAINER_total_network_updates": 34737,
    "TRAINER_training_time_after_min_dataset_in_sec": 2986.8366751670837,
    "TRAINER_waiting_time_in_sec": 61.17604041099548,
    "network_updates_per_env_step": 4.270791099051374,
    "total_training_time_in_hours": 0.9153163339694341,
    "total_training_time_in_sec": 3295.1388022899628
}