{
    "COLLECTOR_env_steps_per_sec": 2.3224129969955567,
    "COLLECTOR_experience_collecting_time_in_sec": 1786.9345397949219,
    "COLLECTOR_total_number_of_episodes_executed": 83,
    "COLLECTOR_total_number_of_steps_executed": 4150,
    "COLLECTOR_total_saving_time_in_sec": 68.70498776435852,
    "TRAINER_network_updates_per_sec": 5.967885964429526,
    "TRAINER_total_network_updates": 10537,
    "TRAINER_training_time_after_min_dataset_in_sec": 1765.616847038269,
    "TRAINER_waiting_time_in_sec": 21.399399995803833,
    "network_updates_per_env_step": 2.5696919420232405,
    "total_training_time_in_hours": 0.5155439874860975,
    "total_training_time_in_sec": 1855.9583549499512
}