{
    "COLLECTOR_env_steps_per_sec": 6.280089964325991,
    "COLLECTOR_experience_collecting_time_in_sec": 6632.070597171783,
    "COLLECTOR_total_number_of_episodes_executed": 833,
    "COLLECTOR_total_number_of_steps_executed": 41650,
    "COLLECTOR_total_saving_time_in_sec": 634.600973367691,
    "TRAINER_network_updates_per_sec": 62.61959475646172,
    "TRAINER_total_network_updates": 374850,
    "TRAINER_training_time_after_min_dataset_in_sec": 5986.145414352417,
    "TRAINER_waiting_time_in_sec": 646.0091013908386,
    "network_updates_per_env_step": 9.97113020867088,
    "total_training_time_in_hours": 2.018615189856953,
    "total_training_time_in_sec": 7267.014683485031
}