{
    "COLLECTOR_env_steps_per_sec": 3.2574989047498035,
    "COLLECTOR_experience_collecting_time_in_sec": 2547.9670884609222,
    "COLLECTOR_total_number_of_episodes_executed": 166,
    "COLLECTOR_total_number_of_steps_executed": 8300,
    "COLLECTOR_total_saving_time_in_sec": 730.1881244182587,
    "TRAINER_network_updates_per_sec": 31.57104190322484,
    "TRAINER_total_network_updates": 78850,
    "TRAINER_training_time_after_min_dataset_in_sec": 2497.5419006347656,
    "TRAINER_waiting_time_in_sec": 50.5254340171814,
    "network_updates_per_env_step": 9.691804303353925,
    "total_training_time_in_hours": 0.9106920779413648,
    "total_training_time_in_sec": 3278.491480588913
}