{
    "COLLECTOR_env_steps_per_sec": 7.293693477320754,
    "COLLECTOR_experience_collecting_time_in_sec": 5712.469290018082,
    "COLLECTOR_total_number_of_episodes_executed": 641,
    "COLLECTOR_total_number_of_steps_executed": 41665,
    "COLLECTOR_total_saving_time_in_sec": 337.053870677948,
    "TRAINER_network_updates_per_sec": 34.80782131859849,
    "TRAINER_total_network_updates": 174302,
    "TRAINER_training_time_after_min_dataset_in_sec": 5007.552710771561,
    "TRAINER_waiting_time_in_sec": 705.0392761230469,
    "network_updates_per_env_step": 4.772317540739963,
    "total_training_time_in_hours": 1.6805529795090357,
    "total_training_time_in_sec": 6049.990726232529
}