{
    "COLLECTOR_env_steps_per_sec": 1.7672024608713237,
    "COLLECTOR_experience_collecting_time_in_sec": 2348.344398498535,
    "COLLECTOR_total_number_of_episodes_executed": 83,
    "COLLECTOR_total_number_of_steps_executed": 4150,
    "COLLECTOR_total_saving_time_in_sec": 223.49693393707275,
    "TRAINER_network_updates_per_sec": 6.617034031065036,
    "TRAINER_total_network_updates": 15347,
    "TRAINER_training_time_after_min_dataset_in_sec": 2319.317072868347,
    "TRAINER_waiting_time_in_sec": 29.1043701171875,
    "network_updates_per_env_step": 3.744355373861629,
    "total_training_time_in_hours": 0.7145022975736194,
    "total_training_time_in_sec": 2572.20827126503
}