{
    "COLLECTOR_env_steps_per_sec": 5.925816292086031,
    "COLLECTOR_experience_collecting_time_in_sec": 14057.135066986084,
    "COLLECTOR_total_number_of_episodes_executed": 1666,
    "COLLECTOR_total_number_of_steps_executed": 83300,
    "COLLECTOR_total_saving_time_in_sec": 733.3571617603302,
    "TRAINER_network_updates_per_sec": 59.621288708896785,
    "TRAINER_total_network_updates": 749680,
    "TRAINER_training_time_after_min_dataset_in_sec": 12574.032132387161,
    "TRAINER_waiting_time_in_sec": 1483.1773755550385,
    "network_updates_per_env_step": 10.061278610428985,
    "total_training_time_in_hours": 4.108551159103712,
    "total_training_time_in_sec": 14790.784172773361
}