{
    "COLLECTOR_env_steps_per_sec": 6.294364999191547,
    "COLLECTOR_experience_collecting_time_in_sec": 10580.892593383789,
    "COLLECTOR_total_number_of_episodes_executed": 333,
    "COLLECTOR_total_number_of_steps_executed": 66600,
    "COLLECTOR_total_saving_time_in_sec": 1319.5859913825989,
    "TRAINER_network_updates_per_sec": 62.56159764711766,
    "TRAINER_total_network_updates": 632680,
    "TRAINER_training_time_after_min_dataset_in_sec": 10112.913093566895,
    "TRAINER_waiting_time_in_sec": 468.0725829601288,
    "network_updates_per_env_step": 9.939302480099759,
    "total_training_time_in_hours": 3.305778596864806,
    "total_training_time_in_sec": 11900.802948713303
}