{
    "COLLECTOR_env_steps_per_sec": 6.825940173192124,
    "COLLECTOR_experience_collecting_time_in_sec": 12207.842126607895,
    "COLLECTOR_total_number_of_episodes_executed": 1282,
    "COLLECTOR_total_number_of_steps_executed": 83330,
    "COLLECTOR_total_saving_time_in_sec": 396.8055248260498,
    "TRAINER_network_updates_per_sec": 36.48093162252805,
    "TRAINER_total_network_updates": 390711,
    "TRAINER_training_time_after_min_dataset_in_sec": 10710.0060942173,
    "TRAINER_waiting_time_in_sec": 1497.9592883586884,
    "network_updates_per_env_step": 5.3444552247617905,
    "total_training_time_in_hours": 3.501431916753451,
    "total_training_time_in_sec": 12605.154900312424
}