{
    "COLLECTOR_env_steps_per_sec": 6.375491829795965,
    "COLLECTOR_experience_collecting_time_in_sec": 10446.252897500992,
    "COLLECTOR_total_number_of_episodes_executed": 333,
    "COLLECTOR_total_number_of_steps_executed": 66600,
    "COLLECTOR_total_saving_time_in_sec": 488.50848841667175,
    "TRAINER_network_updates_per_sec": 43.422041427316834,
    "TRAINER_total_network_updates": 121145,
    "TRAINER_training_time_after_min_dataset_in_sec": 2789.942527294159,
    "TRAINER_waiting_time_in_sec": 7656.444853544235,
    "network_updates_per_env_step": 6.810775166299048,
    "total_training_time_in_hours": 3.0375435143046907,
    "total_training_time_in_sec": 10935.156651496887
}