{
    "COLLECTOR_env_steps_per_sec": 3.0411693174551635,
    "COLLECTOR_experience_collecting_time_in_sec": 2735.7898004055023,
    "COLLECTOR_total_number_of_episodes_executed": 416,
    "COLLECTOR_total_number_of_steps_executed": 8320,
    "COLLECTOR_total_saving_time_in_sec": 702.2419860363007,
    "TRAINER_network_updates_per_sec": 29.54534683069096,
    "TRAINER_total_network_updates": 79050,
    "TRAINER_training_time_after_min_dataset_in_sec": 2675.548215866089,
    "TRAINER_waiting_time_in_sec": 60.32456827163696,
    "network_updates_per_env_step": 9.715127224621078,
    "total_training_time_in_hours": 0.9550962275928921,
    "total_training_time_in_sec": 3438.3464193344116
}