{
    "COLLECTOR_env_steps_per_sec": 8.791451323051845,
    "COLLECTOR_experience_collecting_time_in_sec": 3776.3958168029785,
    "COLLECTOR_total_number_of_episodes_executed": 166,
    "COLLECTOR_total_number_of_steps_executed": 33200,
    "COLLECTOR_total_saving_time_in_sec": 763.3365881443024,
    "TRAINER_network_updates_per_sec": 87.55805870165737,
    "TRAINER_total_network_updates": 315341,
    "TRAINER_training_time_after_min_dataset_in_sec": 3601.5074417591095,
    "TRAINER_waiting_time_in_sec": 174.9708857536316,
    "network_updates_per_env_step": 9.95945441591351,
    "total_training_time_in_hours": 1.2611506819062763,
    "total_training_time_in_sec": 4540.142454862595
}