{
    "COLLECTOR_env_steps_per_sec": 2.006241908088736,
    "COLLECTOR_experience_collecting_time_in_sec": 2068.5441687107086,
    "COLLECTOR_total_number_of_episodes_executed": 83,
    "COLLECTOR_total_number_of_steps_executed": 4150,
    "COLLECTOR_total_saving_time_in_sec": 148.45375871658325,
    "TRAINER_network_updates_per_sec": 6.360218416413344,
    "TRAINER_total_network_updates": 12996,
    "TRAINER_training_time_after_min_dataset_in_sec": 2043.326054096222,
    "TRAINER_waiting_time_in_sec": 25.29871439933777,
    "network_updates_per_env_step": 3.1702151125297062,
    "total_training_time_in_hours": 0.6159256450335184,
    "total_training_time_in_sec": 2217.3323221206665
}