{
    "COLLECTOR_env_steps_per_sec": 6.836649897845346,
    "COLLECTOR_experience_collecting_time_in_sec": 12188.718340873718,
    "COLLECTOR_total_number_of_episodes_executed": 1282,
    "COLLECTOR_total_number_of_steps_executed": 83330,
    "COLLECTOR_total_saving_time_in_sec": 387.6122419834137,
    "TRAINER_network_updates_per_sec": 35.04924559674122,
    "TRAINER_total_network_updates": 375001,
    "TRAINER_training_time_after_min_dataset_in_sec": 10699.260244131088,
    "TRAINER_waiting_time_in_sec": 1489.5838875770569,
    "network_updates_per_env_step": 5.1266696584517835,
    "total_training_time_in_hours": 3.4935618842310374,
    "total_training_time_in_sec": 12576.822783231735
}