{
    "COLLECTOR_env_steps_per_sec": 3.7279739821096105,
    "COLLECTOR_experience_collecting_time_in_sec": 4466.232886791229,
    "COLLECTOR_total_number_of_episodes_executed": 185,
    "COLLECTOR_total_number_of_steps_executed": 16650,
    "COLLECTOR_total_saving_time_in_sec": 494.37765979766846,
    "TRAINER_network_updates_per_sec": 37.47870905932336,
    "TRAINER_total_network_updates": 149850,
    "TRAINER_training_time_after_min_dataset_in_sec": 3998.2700514793396,
    "TRAINER_waiting_time_in_sec": 468.0363893508911,
    "network_updates_per_env_step": 10.053371949263084,
    "total_training_time_in_hours": 1.3780223854382834,
    "total_training_time_in_sec": 4960.88058757782
}