{
    "COLLECTOR_env_steps_per_sec": 6.563140937247984,
    "COLLECTOR_experience_collecting_time_in_sec": 7618.30356502533,
    "COLLECTOR_total_number_of_episodes_executed": 1000,
    "COLLECTOR_total_number_of_steps_executed": 50000,
    "COLLECTOR_total_saving_time_in_sec": 674.1059205532074,
    "TRAINER_network_updates_per_sec": 62.206203678616255,
    "TRAINER_total_network_updates": 452717,
    "TRAINER_training_time_after_min_dataset_in_sec": 7277.682501554489,
    "TRAINER_waiting_time_in_sec": 340.72523760795593,
    "network_updates_per_env_step": 9.47811486502988,
    "total_training_time_in_hours": 2.303992888993687,
    "total_training_time_in_sec": 8294.374400377274
}