{
    "COLLECTOR_env_steps_per_sec": 2.7301316965812226,
    "COLLECTOR_experience_collecting_time_in_sec": 3040.1463820934296,
    "COLLECTOR_total_number_of_episodes_executed": 166,
    "COLLECTOR_total_number_of_steps_executed": 8300,
    "COLLECTOR_total_saving_time_in_sec": 248.244402885437,
    "TRAINER_network_updates_per_sec": 11.334667914157357,
    "TRAINER_total_network_updates": 33766,
    "TRAINER_training_time_after_min_dataset_in_sec": 2979.002142429352,
    "TRAINER_waiting_time_in_sec": 61.22380495071411,
    "network_updates_per_env_step": 4.151692729091081,
    "total_training_time_in_hours": 0.9135355322228538,
    "total_training_time_in_sec": 3288.7279160022736
}