{
    "COLLECTOR_env_steps_per_sec": 3.0282987853368084,
    "COLLECTOR_experience_collecting_time_in_sec": 5484.9277358055115,
    "COLLECTOR_total_number_of_episodes_executed": 151,
    "COLLECTOR_total_number_of_steps_executed": 16610,
    "COLLECTOR_total_saving_time_in_sec": 243.20336055755615,
    "TRAINER_network_updates_per_sec": 12.370773547285463,
    "TRAINER_total_network_updates": 61271,
    "TRAINER_training_time_after_min_dataset_in_sec": 4952.883485078812,
    "TRAINER_waiting_time_in_sec": 532.1244778633118,
    "network_updates_per_env_step": 4.0850571308172885,
    "total_training_time_in_hours": 1.5912916118568845,
    "total_training_time_in_sec": 5728.649802684784
}