{
    "COLLECTOR_env_steps_per_sec": 6.501794845576895,
    "COLLECTOR_experience_collecting_time_in_sec": 30760.736804246902,
    "COLLECTOR_total_number_of_episodes_executed": 1000,
    "COLLECTOR_total_number_of_steps_executed": 200000,
    "COLLECTOR_total_saving_time_in_sec": 685.3571608066559,
    "TRAINER_network_updates_per_sec": 47.33785712103665,
    "TRAINER_total_network_updates": 1109974,
    "TRAINER_training_time_after_min_dataset_in_sec": 23447.913942575455,
    "TRAINER_waiting_time_in_sec": 7312.951943635941,
    "network_updates_per_env_step": 7.2807368188862664,
    "total_training_time_in_hours": 8.735135826071103,
    "total_training_time_in_sec": 31446.488973855972
}