{
    "COLLECTOR_env_steps_per_sec": 2.4884285644581587,
    "COLLECTOR_experience_collecting_time_in_sec": 3327.401123046875,
    "COLLECTOR_total_number_of_episodes_executed": 92,
    "COLLECTOR_total_number_of_steps_executed": 8280,
    "COLLECTOR_total_saving_time_in_sec": 423.94542717933655,
    "TRAINER_network_updates_per_sec": 24.940104095525736,
    "TRAINER_total_network_updates": 74480,
    "TRAINER_training_time_after_min_dataset_in_sec": 2986.3548169136047,
    "TRAINER_waiting_time_in_sec": 341.1254847049713,
    "network_updates_per_env_step": 10.022431204874191,
    "total_training_time_in_hours": 1.0421164355675379,
    "total_training_time_in_sec": 3751.6191680431366
}