{
    "COLLECTOR_env_steps_per_sec": 2.148996808473185,
    "COLLECTOR_experience_collecting_time_in_sec": 1931.133626461029,
    "COLLECTOR_total_number_of_episodes_executed": 83,
    "COLLECTOR_total_number_of_steps_executed": 4150,
    "COLLECTOR_total_saving_time_in_sec": 106.60355997085571,
    "TRAINER_network_updates_per_sec": 6.299523375477775,
    "TRAINER_total_network_updates": 12018,
    "TRAINER_training_time_after_min_dataset_in_sec": 1907.7633788585663,
    "TRAINER_waiting_time_in_sec": 23.450005292892456,
    "network_updates_per_env_step": 2.9313786556776913,
    "total_training_time_in_hours": 0.5661392930481169,
    "total_training_time_in_sec": 2038.1014549732208
}