{
    "COLLECTOR_env_steps_per_sec": 2.724474608707995,
    "COLLECTOR_experience_collecting_time_in_sec": 3046.458929538727,
    "COLLECTOR_total_number_of_episodes_executed": 166,
    "COLLECTOR_total_number_of_steps_executed": 8300,
    "COLLECTOR_total_saving_time_in_sec": 248.4052529335022,
    "TRAINER_network_updates_per_sec": 10.842714475560191,
    "TRAINER_total_network_updates": 32374,
    "TRAINER_training_time_after_min_dataset_in_sec": 2985.7836866378784,
    "TRAINER_waiting_time_in_sec": 60.751396894454956,
    "network_updates_per_env_step": 3.9797451005432722,
    "total_training_time_in_hours": 0.9153641696108712,
    "total_training_time_in_sec": 3295.3110105991364
}