{
    "COLLECTOR_env_steps_per_sec": 5.936192147461962,
    "COLLECTOR_experience_collecting_time_in_sec": 4211.45397233963,
    "COLLECTOR_total_number_of_episodes_executed": 500,
    "COLLECTOR_total_number_of_steps_executed": 25000,
    "COLLECTOR_total_saving_time_in_sec": 728.2316682338715,
    "TRAINER_network_updates_per_sec": 58.8217113479435,
    "TRAINER_total_network_updates": 237510,
    "TRAINER_training_time_after_min_dataset_in_sec": 4037.7947964668274,
    "TRAINER_waiting_time_in_sec": 173.7492802143097,
    "network_updates_per_env_step": 9.90899719664447,
    "total_training_time_in_hours": 1.3722513231966231,
    "total_training_time_in_sec": 4940.104763507843
}