{
    "COLLECTOR_env_steps_per_sec": 2.571717575884167,
    "COLLECTOR_experience_collecting_time_in_sec": 3235.1919503211975,
    "COLLECTOR_total_number_of_episodes_executed": 416,
    "COLLECTOR_total_number_of_steps_executed": 8320,
    "COLLECTOR_total_saving_time_in_sec": 244.03001308441162,
    "TRAINER_network_updates_per_sec": 10.934124618370438,
    "TRAINER_total_network_updates": 34608,
    "TRAINER_training_time_after_min_dataset_in_sec": 3165.1367812156677,
    "TRAINER_waiting_time_in_sec": 70.1280198097229,
    "network_updates_per_env_step": 4.251681724658759,
    "total_training_time_in_hours": 0.9665419286489487,
    "total_training_time_in_sec": 3479.550943136215
}