{
    "COLLECTOR_env_steps_per_sec": 8.034356760909956,
    "COLLECTOR_experience_collecting_time_in_sec": 20735.947501182556,
    "COLLECTOR_total_number_of_episodes_executed": 833,
    "COLLECTOR_total_number_of_steps_executed": 166600,
    "COLLECTOR_total_saving_time_in_sec": 750.651585817337,
    "TRAINER_network_updates_per_sec": 82.7133015177645,
    "TRAINER_total_network_updates": 1166000,
    "TRAINER_training_time_after_min_dataset_in_sec": 14096.88621544838,
    "TRAINER_waiting_time_in_sec": 6639.142981052399,
    "network_updates_per_env_step": 10.294950047550111,
    "total_training_time_in_hours": 5.968607232504421,
    "total_training_time_in_sec": 21486.986037015915
}