{
    "COLLECTOR_env_steps_per_sec": 2.3236315381932533,
    "COLLECTOR_experience_collecting_time_in_sec": 1785.9974491596222,
    "COLLECTOR_total_number_of_episodes_executed": 83,
    "COLLECTOR_total_number_of_steps_executed": 4150,
    "COLLECTOR_total_saving_time_in_sec": 68.77322363853455,
    "TRAINER_network_updates_per_sec": 5.935190564001251,
    "TRAINER_total_network_updates": 10474,
    "TRAINER_training_time_after_min_dataset_in_sec": 1764.728509902954,
    "TRAINER_waiting_time_in_sec": 21.340808153152466,
    "network_updates_per_env_step": 2.5542735439957815,
    "total_training_time_in_hours": 0.515302945110533,
    "total_training_time_in_sec": 1855.0906023979187
}