{
    "COLLECTOR_env_steps_per_sec": 6.547853863127182,
    "COLLECTOR_experience_collecting_time_in_sec": 10171.271594047546,
    "COLLECTOR_total_number_of_episodes_executed": 333,
    "COLLECTOR_total_number_of_steps_executed": 66600,
    "COLLECTOR_total_saving_time_in_sec": 510.43794465065,
    "TRAINER_network_updates_per_sec": 42.52508971855097,
    "TRAINER_total_network_updates": 116776,
    "TRAINER_training_time_after_min_dataset_in_sec": 2746.0494680404663,
    "TRAINER_waiting_time_in_sec": 7425.305267095566,
    "network_updates_per_env_step": 6.494508064393707,
    "total_training_time_in_hours": 2.9672365717093148,
    "total_training_time_in_sec": 10682.051658153534
}