{
    "COLLECTOR_env_steps_per_sec": 6.348562644909688,
    "COLLECTOR_experience_collecting_time_in_sec": 39377.41721749306,
    "COLLECTOR_total_number_of_episodes_executed": 3846,
    "COLLECTOR_total_number_of_steps_executed": 249990,
    "COLLECTOR_total_saving_time_in_sec": 367.5396726131439,
    "TRAINER_network_updates_per_sec": 27.438653410213785,
    "TRAINER_total_network_updates": 946259,
    "TRAINER_training_time_after_min_dataset_in_sec": 34486.349816560745,
    "TRAINER_waiting_time_in_sec": 4891.172518968582,
    "network_updates_per_env_step": 4.322026093924465,
    "total_training_time_in_hours": 11.040378104845683,
    "total_training_time_in_sec": 39745.36117744446
}