{
    "COLLECTOR_env_steps_per_sec": 9.894554344466265,
    "COLLECTOR_experience_collecting_time_in_sec": 10106.569383382797,
    "COLLECTOR_total_number_of_episodes_executed": 500,
    "COLLECTOR_total_number_of_steps_executed": 100000,
    "COLLECTOR_total_saving_time_in_sec": 553.8780479431152,
    "TRAINER_network_updates_per_sec": 32.10624161836849,
    "TRAINER_total_network_updates": 151774,
    "TRAINER_training_time_after_min_dataset_in_sec": 4727.242814779282,
    "TRAINER_waiting_time_in_sec": 5379.410135746002,
    "network_updates_per_env_step": 3.2448395855569356,
    "total_training_time_in_hours": 2.961321372787158,
    "total_training_time_in_sec": 10660.756942033768
}