{
    "COLLECTOR_env_steps_per_sec": 4.482921249517107,
    "COLLECTOR_experience_collecting_time_in_sec": 1851.4712924957275,
    "COLLECTOR_total_number_of_episodes_executed": 166,
    "COLLECTOR_total_number_of_steps_executed": 8300,
    "COLLECTOR_total_saving_time_in_sec": 223.8285927772522,
    "TRAINER_network_updates_per_sec": 43.45518782066105,
    "TRAINER_total_network_updates": 78839,
    "TRAINER_training_time_after_min_dataset_in_sec": 1814.2597916126251,
    "TRAINER_waiting_time_in_sec": 37.28880071640015,
    "network_updates_per_env_step": 9.69349792288722,
    "total_training_time_in_hours": 0.5765769774383969,
    "total_training_time_in_sec": 2075.6771187782288
}