{
    "COLLECTOR_env_steps_per_sec": 3.7751717877594615,
    "COLLECTOR_experience_collecting_time_in_sec": 4410.3953239917755,
    "COLLECTOR_total_number_of_episodes_executed": 185,
    "COLLECTOR_total_number_of_steps_executed": 16650,
    "COLLECTOR_total_saving_time_in_sec": 459.2111248970032,
    "TRAINER_network_updates_per_sec": 37.964848104626036,
    "TRAINER_total_network_updates": 149850,
    "TRAINER_training_time_after_min_dataset_in_sec": 3947.0722913742065,
    "TRAINER_waiting_time_in_sec": 463.4029870033264,
    "network_updates_per_env_step": 10.056455769171212,
    "total_training_time_in_hours": 1.352745026813613,
    "total_training_time_in_sec": 4869.882096529007
}