{
    "COLLECTOR_env_steps_per_sec": 5.931687195495394,
    "COLLECTOR_experience_collecting_time_in_sec": 14043.221979618073,
    "COLLECTOR_total_number_of_episodes_executed": 1666,
    "COLLECTOR_total_number_of_steps_executed": 83300,
    "COLLECTOR_total_saving_time_in_sec": 756.0148665904999,
    "TRAINER_network_updates_per_sec": 59.71664983764862,
    "TRAINER_total_network_updates": 749678,
    "TRAINER_training_time_after_min_dataset_in_sec": 12553.919250965118,
    "TRAINER_waiting_time_in_sec": 1489.3820419311523,
    "network_updates_per_env_step": 10.067396993388032,
    "total_training_time_in_hours": 4.111017766462432,
    "total_training_time_in_sec": 14799.663959264755
}