{
    "COLLECTOR_env_steps_per_sec": 1.0151163920319395,
    "COLLECTOR_experience_collecting_time_in_sec": 8205.955558776855,
    "COLLECTOR_total_number_of_episodes_executed": 1666,
    "COLLECTOR_total_number_of_steps_executed": 8330,
    "COLLECTOR_total_saving_time_in_sec": 254.9368188381195,
    "TRAINER_network_updates_per_sec": 5.330022511368514,
    "TRAINER_total_network_updates": 42184,
    "TRAINER_training_time_after_min_dataset_in_sec": 7914.413102388382,
    "TRAINER_waiting_time_in_sec": 291.6194884777069,
    "network_updates_per_env_step": 5.250651603309753,
    "total_training_time_in_hours": 2.3503315260012942,
    "total_training_time_in_sec": 8461.19349360466
}