{
    "COLLECTOR_env_steps_per_sec": 6.8960717905373015,
    "COLLECTOR_experience_collecting_time_in_sec": 9657.672080993652,
    "COLLECTOR_total_number_of_episodes_executed": 333,
    "COLLECTOR_total_number_of_steps_executed": 66600,
    "COLLECTOR_total_saving_time_in_sec": 10029.971103191376,
    "TRAINER_network_updates_per_sec": -16.50561371910597,
    "TRAINER_total_network_updates": 115402,
    "TRAINER_training_time_after_min_dataset_in_sec": -6991.681858301163,
    "TRAINER_waiting_time_in_sec": 16649.467897176743,
    "network_updates_per_env_step": -2.3934805524726053,
    "total_training_time_in_hours": 5.468950821293725,
    "total_training_time_in_sec": 19688.22295665741
}