{
    "COLLECTOR_env_steps_per_sec": 4.800164728277905,
    "COLLECTOR_experience_collecting_time_in_sec": 17353.571120023727,
    "COLLECTOR_total_number_of_episodes_executed": 2380,
    "COLLECTOR_total_number_of_steps_executed": 83300,
    "COLLECTOR_total_saving_time_in_sec": 402.429936170578,
    "TRAINER_network_updates_per_sec": 23.565485365582898,
    "TRAINER_total_network_updates": 362497,
    "TRAINER_training_time_after_min_dataset_in_sec": 15382.539098024368,
    "TRAINER_waiting_time_in_sec": 1971.1265366077423,
    "network_updates_per_env_step": 4.90930763828957,
    "total_training_time_in_hours": 4.932332535982132,
    "total_training_time_in_sec": 17756.397129535675
}