{
    "COLLECTOR_env_steps_per_sec": 2.080633538742252,
    "COLLECTOR_experience_collecting_time_in_sec": 1994.5847852230072,
    "COLLECTOR_total_number_of_episodes_executed": 83,
    "COLLECTOR_total_number_of_steps_executed": 4150,
    "COLLECTOR_total_saving_time_in_sec": 656.3927512168884,
    "TRAINER_network_updates_per_sec": 20.008278265794665,
    "TRAINER_total_network_updates": 39430,
    "TRAINER_training_time_after_min_dataset_in_sec": 1970.6843075752258,
    "TRAINER_waiting_time_in_sec": 23.992343425750732,
    "network_updates_per_env_step": 9.616435519870414,
    "total_training_time_in_hours": 0.7364743959903717,
    "total_training_time_in_sec": 2651.307825565338
}