{
    "COLLECTOR_env_steps_per_sec": 9.783323520854468,
    "COLLECTOR_experience_collecting_time_in_sec": 4258.777695655823,
    "COLLECTOR_total_number_of_episodes_executed": 641,
    "COLLECTOR_total_number_of_steps_executed": 41665,
    "COLLECTOR_total_saving_time_in_sec": 105.75073003768921,
    "TRAINER_network_updates_per_sec": 37.53489874846765,
    "TRAINER_total_network_updates": 141033,
    "TRAINER_training_time_after_min_dataset_in_sec": 3757.3832540512085,
    "TRAINER_waiting_time_in_sec": 501.5139241218567,
    "network_updates_per_env_step": 3.8366204151847754,
    "total_training_time_in_hours": 1.212492115298907,
    "total_training_time_in_sec": 4364.971615076065
}