{
    "COLLECTOR_env_steps_per_sec": 1.1866030134868202,
    "COLLECTOR_experience_collecting_time_in_sec": 14044.292666196823,
    "COLLECTOR_total_number_of_episodes_executed": 3333,
    "COLLECTOR_total_number_of_steps_executed": 16665,
    "COLLECTOR_total_saving_time_in_sec": 684.6604549884796,
    "TRAINER_network_updates_per_sec": 11.833162718385635,
    "TRAINER_total_network_updates": 158330,
    "TRAINER_training_time_after_min_dataset_in_sec": 13380.192917823792,
    "TRAINER_waiting_time_in_sec": 664.1672768592834,
    "network_updates_per_env_step": 9.972301253149539,
    "total_training_time_in_hours": 4.091451471447945,
    "total_training_time_in_sec": 14729.2252972126
}