{
    "COLLECTOR_env_steps_per_sec": 2.0818027774916166,
    "COLLECTOR_experience_collecting_time_in_sec": 8005.081067323685,
    "COLLECTOR_total_number_of_episodes_executed": 1111,
    "COLLECTOR_total_number_of_steps_executed": 16665,
    "COLLECTOR_total_saving_time_in_sec": 483.94760489463806,
    "TRAINER_network_updates_per_sec": 20.741204827511837,
    "TRAINER_total_network_updates": 150000,
    "TRAINER_training_time_after_min_dataset_in_sec": 7231.981037139893,
    "TRAINER_waiting_time_in_sec": 773.1930892467499,
    "network_updates_per_env_step": 9.963097874479304,
    "total_training_time_in_hours": 2.3581564911206563,
    "total_training_time_in_sec": 8489.363368034363
}