{
    "COLLECTOR_env_steps_per_sec": 3.639346054478951,
    "COLLECTOR_experience_collecting_time_in_sec": 2280.6295075416565,
    "COLLECTOR_total_number_of_episodes_executed": 166,
    "COLLECTOR_total_number_of_steps_executed": 8300,
    "COLLECTOR_total_saving_time_in_sec": 539.5880737304688,
    "TRAINER_network_updates_per_sec": 35.26629297616761,
    "TRAINER_total_network_updates": 78842,
    "TRAINER_training_time_after_min_dataset_in_sec": 2235.619152069092,
    "TRAINER_waiting_time_in_sec": 45.10389304161072,
    "network_updates_per_env_step": 9.6902829377177,
    "total_training_time_in_hours": 0.7834837618139056,
    "total_training_time_in_sec": 2820.54154253006
}