{
    "COLLECTOR_env_steps_per_sec": 5.187139875948603,
    "COLLECTOR_experience_collecting_time_in_sec": 9627.656318187714,
    "COLLECTOR_total_number_of_episodes_executed": 454,
    "COLLECTOR_total_number_of_steps_executed": 49940,
    "COLLECTOR_total_saving_time_in_sec": 257.95108699798584,
    "TRAINER_network_updates_per_sec": 21.410942724898902,
    "TRAINER_total_network_updates": 185440,
    "TRAINER_training_time_after_min_dataset_in_sec": 8660.991829395294,
    "TRAINER_waiting_time_in_sec": 966.7710328102112,
    "network_updates_per_env_step": 4.127697196710616,
    "total_training_time_in_hours": 2.7467218762636185,
    "total_training_time_in_sec": 9888.198754549026
}