{
    "COLLECTOR_env_steps_per_sec": 2.8977681023648545,
    "COLLECTOR_experience_collecting_time_in_sec": 5749.252325057983,
    "COLLECTOR_total_number_of_episodes_executed": 476,
    "COLLECTOR_total_number_of_steps_executed": 16660,
    "COLLECTOR_total_saving_time_in_sec": 250.17403030395508,
    "TRAINER_network_updates_per_sec": 12.22869889619527,
    "TRAINER_total_network_updates": 63442,
    "TRAINER_training_time_after_min_dataset_in_sec": 5187.959940671921,
    "TRAINER_waiting_time_in_sec": 561.3778057098389,
    "network_updates_per_env_step": 4.2200405499030404,
    "total_training_time_in_hours": 1.6665945089525647,
    "total_training_time_in_sec": 5999.740232229233
}