{
    "COLLECTOR_env_steps_per_sec": 2.9698621866013397,
    "COLLECTOR_experience_collecting_time_in_sec": 5596.219270706177,
    "COLLECTOR_total_number_of_episodes_executed": 277,
    "COLLECTOR_total_number_of_steps_executed": 16620,
    "COLLECTOR_total_saving_time_in_sec": 245.38734793663025,
    "TRAINER_network_updates_per_sec": 12.178290277334149,
    "TRAINER_total_network_updates": 61540,
    "TRAINER_training_time_after_min_dataset_in_sec": 5053.254487991333,
    "TRAINER_waiting_time_in_sec": 543.0495681762695,
    "network_updates_per_env_step": 4.100624713253372,
    "total_training_time_in_hours": 1.622791556318601,
    "total_training_time_in_sec": 5842.0496027469635
}