{
    "COLLECTOR_env_steps_per_sec": 4.859918358550203,
    "COLLECTOR_experience_collecting_time_in_sec": 3425.983477830887,
    "COLLECTOR_total_number_of_episodes_executed": 333,
    "COLLECTOR_total_number_of_steps_executed": 16650,
    "COLLECTOR_total_saving_time_in_sec": 649.1416871547699,
    "TRAINER_network_updates_per_sec": 47.59064818120796,
    "TRAINER_total_network_updates": 158180,
    "TRAINER_training_time_after_min_dataset_in_sec": 3323.7622525691986,
    "TRAINER_waiting_time_in_sec": 102.3005576133728,
    "network_updates_per_env_step": 9.792478941025887,
    "total_training_time_in_hours": 1.1320610857009887,
    "total_training_time_in_sec": 4075.4199085235596
}