{
    "COLLECTOR_env_steps_per_sec": 4.472336407199139,
    "COLLECTOR_experience_collecting_time_in_sec": 1855.8532373905182,
    "COLLECTOR_total_number_of_episodes_executed": 166,
    "COLLECTOR_total_number_of_steps_executed": 8300,
    "COLLECTOR_total_saving_time_in_sec": 231.8498854637146,
    "TRAINER_network_updates_per_sec": 43.30999168599339,
    "TRAINER_total_network_updates": 78832,
    "TRAINER_training_time_after_min_dataset_in_sec": 1820.1804463863373,
    "TRAINER_waiting_time_in_sec": 35.74056363105774,
    "network_updates_per_env_step": 9.683974491784006,
    "total_training_time_in_hours": 0.5800373066133923,
    "total_training_time_in_sec": 2088.1343038082123
}