{
    "COLLECTOR_env_steps_per_sec": 7.074803725148727,
    "COLLECTOR_experience_collecting_time_in_sec": 14134.667742729187,
    "COLLECTOR_total_number_of_episodes_executed": 500,
    "COLLECTOR_total_number_of_steps_executed": 100000,
    "COLLECTOR_total_saving_time_in_sec": 1067.6184310913086,
    "TRAINER_network_updates_per_sec": 32.30181468954865,
    "TRAINER_total_network_updates": 215080,
    "TRAINER_training_time_after_min_dataset_in_sec": 6658.449442148209,
    "TRAINER_waiting_time_in_sec": 7476.310152769089,
    "network_updates_per_env_step": 4.565754181239791,
    "total_training_time_in_hours": 4.2229547491338515,
    "total_training_time_in_sec": 15202.637096881866
}