{
    "COLLECTOR_env_steps_per_sec": 6.141449356890846,
    "COLLECTOR_experience_collecting_time_in_sec": 10844.345712184906,
    "COLLECTOR_total_number_of_episodes_executed": 333,
    "COLLECTOR_total_number_of_steps_executed": 66600,
    "COLLECTOR_total_saving_time_in_sec": 508.72828125953674,
    "TRAINER_network_updates_per_sec": 58.19338155692251,
    "TRAINER_total_network_updates": 165992,
    "TRAINER_training_time_after_min_dataset_in_sec": 2852.420594215393,
    "TRAINER_waiting_time_in_sec": 7992.022113800049,
    "network_updates_per_env_step": 9.475512729194486,
    "total_training_time_in_hours": 3.1538424955474005,
    "total_training_time_in_sec": 11353.832983970642
}