{
    "COLLECTOR_env_steps_per_sec": 7.734351847676422,
    "COLLECTOR_experience_collecting_time_in_sec": 5385.066624879837,
    "COLLECTOR_total_number_of_episodes_executed": 833,
    "COLLECTOR_total_number_of_steps_executed": 41650,
    "COLLECTOR_total_saving_time_in_sec": 345.63778614997864,
    "TRAINER_network_updates_per_sec": 76.9749623184392,
    "TRAINER_total_network_updates": 374848,
    "TRAINER_training_time_after_min_dataset_in_sec": 4869.73931145668,
    "TRAINER_waiting_time_in_sec": 515.4028170108795,
    "network_updates_per_env_step": 9.952348152038656,
    "total_training_time_in_hours": 1.5919747078418731,
    "total_training_time_in_sec": 5731.108948230743
}