{
    "COLLECTOR_env_steps_per_sec": 1.8834154180138742,
    "COLLECTOR_experience_collecting_time_in_sec": 2203.443786382675,
    "COLLECTOR_total_number_of_episodes_executed": 83,
    "COLLECTOR_total_number_of_steps_executed": 4150,
    "COLLECTOR_total_saving_time_in_sec": 188.23898816108704,
    "TRAINER_network_updates_per_sec": 6.558175260421757,
    "TRAINER_total_network_updates": 14273,
    "TRAINER_training_time_after_min_dataset_in_sec": 2176.3675768375397,
    "TRAINER_waiting_time_in_sec": 27.152897357940674,
    "network_updates_per_env_step": 3.4820651873698565,
    "total_training_time_in_hours": 0.6644506828652488,
    "total_training_time_in_sec": 2392.0224583148956
}