{
    "COLLECTOR_env_steps_per_sec": 6.318040842938238,
    "COLLECTOR_experience_collecting_time_in_sec": 10541.242397069931,
    "COLLECTOR_total_number_of_episodes_executed": 333,
    "COLLECTOR_total_number_of_steps_executed": 66600,
    "COLLECTOR_total_saving_time_in_sec": 512.7654983997345,
    "TRAINER_network_updates_per_sec": 42.41630531436997,
    "TRAINER_total_network_updates": 121632,
    "TRAINER_training_time_after_min_dataset_in_sec": 2867.5764920711517,
    "TRAINER_waiting_time_in_sec": 7673.755677461624,
    "network_updates_per_env_step": 6.713521860463954,
    "total_training_time_in_hours": 3.0706620003779728,
    "total_training_time_in_sec": 11054.383201360703
}