{
    "COLLECTOR_env_steps_per_sec": 6.262558699105712,
    "COLLECTOR_experience_collecting_time_in_sec": 13306.062905550003,
    "COLLECTOR_total_number_of_episodes_executed": 1282,
    "COLLECTOR_total_number_of_steps_executed": 83330,
    "COLLECTOR_total_saving_time_in_sec": 387.76518297195435,
    "TRAINER_network_updates_per_sec": 47.890590998877414,
    "TRAINER_total_network_updates": 565621,
    "TRAINER_training_time_after_min_dataset_in_sec": 11810.691582679749,
    "TRAINER_waiting_time_in_sec": 1495.4987347126007,
    "network_updates_per_env_step": 7.647128482119641,
    "total_training_time_in_hours": 3.803956545723809,
    "total_training_time_in_sec": 13694.243564605713
}