{
    "COLLECTOR_env_steps_per_sec": 4.146688989204046,
    "COLLECTOR_experience_collecting_time_in_sec": 2001.596941947937,
    "COLLECTOR_total_number_of_episodes_executed": 166,
    "COLLECTOR_total_number_of_steps_executed": 8300,
    "COLLECTOR_total_saving_time_in_sec": 327.6530907154083,
    "TRAINER_network_updates_per_sec": 40.16006679425321,
    "TRAINER_total_network_updates": 78840,
    "TRAINER_training_time_after_min_dataset_in_sec": 1963.1441452503204,
    "TRAINER_waiting_time_in_sec": 38.5216600894928,
    "network_updates_per_env_step": 9.684851431783388,
    "total_training_time_in_hours": 0.64709602938758,
    "total_training_time_in_sec": 2329.545705795288
}