{
    "COLLECTOR_env_steps_per_sec": 3.890963711486561,
    "COLLECTOR_experience_collecting_time_in_sec": 2133.1476249694824,
    "COLLECTOR_total_number_of_episodes_executed": 166,
    "COLLECTOR_total_number_of_steps_executed": 8300,
    "COLLECTOR_total_saving_time_in_sec": 461.8731212615967,
    "TRAINER_network_updates_per_sec": 37.69444101293195,
    "TRAINER_total_network_updates": 78846,
    "TRAINER_training_time_after_min_dataset_in_sec": 2091.7142655849457,
    "TRAINER_waiting_time_in_sec": 41.4971284866333,
    "network_updates_per_env_step": 9.687687629070847,
    "total_training_time_in_hours": 0.7209766036934323,
    "total_training_time_in_sec": 2595.515773296356
}