{
    "COLLECTOR_env_steps_per_sec": 4.8699570165324735,
    "COLLECTOR_experience_collecting_time_in_sec": 3418.92134642601,
    "COLLECTOR_total_number_of_episodes_executed": 333,
    "COLLECTOR_total_number_of_steps_executed": 16650,
    "COLLECTOR_total_saving_time_in_sec": 686.1776192188263,
    "TRAINER_network_updates_per_sec": 47.660604577375295,
    "TRAINER_total_network_updates": 158180,
    "TRAINER_training_time_after_min_dataset_in_sec": 3318.883623123169,
    "TRAINER_waiting_time_in_sec": 100.15227675437927,
    "network_updates_per_env_step": 9.786658160550006,
    "total_training_time_in_hours": 1.1404327232970133,
    "total_training_time_in_sec": 4105.557803869247
}