{
    "COLLECTOR_env_steps_per_sec": 3.5539428980088026,
    "COLLECTOR_experience_collecting_time_in_sec": 4687.751176118851,
    "COLLECTOR_total_number_of_episodes_executed": 833,
    "COLLECTOR_total_number_of_steps_executed": 16660,
    "COLLECTOR_total_saving_time_in_sec": 746.1107385158539,
    "TRAINER_network_updates_per_sec": 34.63942937994362,
    "TRAINER_total_network_updates": 158279,
    "TRAINER_training_time_after_min_dataset_in_sec": 4569.330466270447,
    "TRAINER_waiting_time_in_sec": 118.50647187232971,
    "network_updates_per_env_step": 9.746760253056216,
    "total_training_time_in_hours": 1.5095169735617109,
    "total_training_time_in_sec": 5434.261104822159
}