{
    "COLLECTOR_env_steps_per_sec": 3.02392077384465,
    "COLLECTOR_experience_collecting_time_in_sec": 5492.868776082993,
    "COLLECTOR_total_number_of_episodes_executed": 151,
    "COLLECTOR_total_number_of_steps_executed": 16610,
    "COLLECTOR_total_saving_time_in_sec": 245.73688626289368,
    "TRAINER_network_updates_per_sec": 12.233841114153838,
    "TRAINER_total_network_updates": 60640,
    "TRAINER_training_time_after_min_dataset_in_sec": 4956.74248456955,
    "TRAINER_waiting_time_in_sec": 536.2210478782654,
    "network_updates_per_env_step": 4.045688372516315,
    "total_training_time_in_hours": 1.5941616540484957,
    "total_training_time_in_sec": 5738.981954574585
}