{
    "COLLECTOR_env_steps_per_sec": 8.692497458726969,
    "COLLECTOR_experience_collecting_time_in_sec": 11504.17362499237,
    "COLLECTOR_total_number_of_episodes_executed": 500,
    "COLLECTOR_total_number_of_steps_executed": 100000,
    "COLLECTOR_total_saving_time_in_sec": 756.5829124450684,
    "TRAINER_network_updates_per_sec": 31.187076206298457,
    "TRAINER_total_network_updates": 167760,
    "TRAINER_training_time_after_min_dataset_in_sec": 5379.151251316071,
    "TRAINER_waiting_time_in_sec": 6125.151340484619,
    "network_updates_per_env_step": 3.5878153953312584,
    "total_training_time_in_hours": 3.405879569715924,
    "total_training_time_in_sec": 12261.166450977325
}