{
    "COLLECTOR_env_steps_per_sec": 5.996568809530303,
    "COLLECTOR_experience_collecting_time_in_sec": 41690.50801229477,
    "COLLECTOR_total_number_of_episodes_executed": 5000,
    "COLLECTOR_total_number_of_steps_executed": 250000,
    "COLLECTOR_total_saving_time_in_sec": 692.1747260093689,
    "TRAINER_network_updates_per_sec": 60.27413782957352,
    "TRAINER_total_network_updates": 2250010,
    "TRAINER_training_time_after_min_dataset_in_sec": 37329.609033346176,
    "TRAINER_waiting_time_in_sec": 4360.985514163971,
    "network_updates_per_env_step": 10.051437704471976,
    "total_training_time_in_hours": 11.773111117680868,
    "total_training_time_in_sec": 42383.20002365112
}