{
    "COLLECTOR_env_steps_per_sec": 7.7951146776264535,
    "COLLECTOR_experience_collecting_time_in_sec": 12828.547639846802,
    "COLLECTOR_total_number_of_episodes_executed": 500,
    "COLLECTOR_total_number_of_steps_executed": 100000,
    "COLLECTOR_total_saving_time_in_sec": 898.126134634018,
    "TRAINER_network_updates_per_sec": 53.64081915306032,
    "TRAINER_total_network_updates": 324300,
    "TRAINER_training_time_after_min_dataset_in_sec": 6045.7689707279205,
    "TRAINER_waiting_time_in_sec": 6782.892867326736,
    "network_updates_per_env_step": 6.881338039454411,
    "total_training_time_in_hours": 3.813091604643398,
    "total_training_time_in_sec": 13727.129776716232
}