{
    "COLLECTOR_env_steps_per_sec": 2.686146254121033,
    "COLLECTOR_experience_collecting_time_in_sec": 3082.482939004898,
    "COLLECTOR_total_number_of_episodes_executed": 92,
    "COLLECTOR_total_number_of_steps_executed": 8280,
    "COLLECTOR_total_saving_time_in_sec": 353.7277398109436,
    "TRAINER_network_updates_per_sec": 26.853760357393927,
    "TRAINER_total_network_updates": 74480,
    "TRAINER_training_time_after_min_dataset_in_sec": 2773.5408005714417,
    "TRAINER_waiting_time_in_sec": 309.0268211364746,
    "network_updates_per_env_step": 9.997132626786577,
    "total_training_time_in_hours": 0.95458461397224,
    "total_training_time_in_sec": 3436.504610300064
}