{
    "COLLECTOR_env_steps_per_sec": 1.6708744701214304,
    "COLLECTOR_experience_collecting_time_in_sec": 2483.7293729782104,
    "COLLECTOR_total_number_of_episodes_executed": 83,
    "COLLECTOR_total_number_of_steps_executed": 4150,
    "COLLECTOR_total_saving_time_in_sec": 259.9354553222656,
    "TRAINER_network_updates_per_sec": 6.678086084431064,
    "TRAINER_total_network_updates": 16382,
    "TRAINER_training_time_after_min_dataset_in_sec": 2453.09805727005,
    "TRAINER_waiting_time_in_sec": 30.71005654335022,
    "network_updates_per_env_step": 3.9967610995610796,
    "total_training_time_in_hours": 0.7622211119201449,
    "total_training_time_in_sec": 2743.9960029125214
}