{
    "COLLECTOR_env_steps_per_sec": 4.137493027386949,
    "COLLECTOR_experience_collecting_time_in_sec": 2006.0456767082214,
    "COLLECTOR_total_number_of_episodes_executed": 166,
    "COLLECTOR_total_number_of_steps_executed": 8300,
    "COLLECTOR_total_saving_time_in_sec": 333.7239227294922,
    "TRAINER_network_updates_per_sec": 40.06815066127914,
    "TRAINER_total_network_updates": 78850,
    "TRAINER_training_time_after_min_dataset_in_sec": 1967.8971626758575,
    "TRAINER_waiting_time_in_sec": 38.21578311920166,
    "network_updates_per_env_step": 9.684161494909963,
    "total_training_time_in_hours": 0.6500158042377896,
    "total_training_time_in_sec": 2340.0568952560425
}