{
    "COLLECTOR_env_steps_per_sec": 8.366721923358783,
    "COLLECTOR_experience_collecting_time_in_sec": 4979.847589254379,
    "COLLECTOR_total_number_of_episodes_executed": 641,
    "COLLECTOR_total_number_of_steps_executed": 41665,
    "COLLECTOR_total_saving_time_in_sec": 223.29638743400574,
    "TRAINER_network_updates_per_sec": 36.36425460109509,
    "TRAINER_total_network_updates": 159140,
    "TRAINER_training_time_after_min_dataset_in_sec": 4376.275596618652,
    "TRAINER_waiting_time_in_sec": 603.6894207000732,
    "network_updates_per_env_step": 4.3462965465089605,
    "total_training_time_in_hours": 1.4454446431663301,
    "total_training_time_in_sec": 5203.600715398788
}