{
    "COLLECTOR_env_steps_per_sec": 1.1711057551351447,
    "COLLECTOR_experience_collecting_time_in_sec": 7112.935756206512,
    "COLLECTOR_total_number_of_episodes_executed": 1666,
    "COLLECTOR_total_number_of_steps_executed": 8330,
    "COLLECTOR_total_saving_time_in_sec": 720.0057213306427,
    "TRAINER_network_updates_per_sec": 11.54264676852717,
    "TRAINER_total_network_updates": 79150,
    "TRAINER_training_time_after_min_dataset_in_sec": 6857.179430961609,
    "TRAINER_waiting_time_in_sec": 255.85771298408508,
    "network_updates_per_env_step": 9.856195068561641,
    "total_training_time_in_hours": 2.175936676594946,
    "total_training_time_in_sec": 7833.372035741806
}