{
    "COLLECTOR_env_steps_per_sec": 12.98899264665063,
    "COLLECTOR_experience_collecting_time_in_sec": 2556.0103776454926,
    "COLLECTOR_total_number_of_episodes_executed": 166,
    "COLLECTOR_total_number_of_steps_executed": 33200,
    "COLLECTOR_total_saving_time_in_sec": 396.88886284828186,
    "TRAINER_network_updates_per_sec": 129.45468704404647,
    "TRAINER_total_network_updates": 315326,
    "TRAINER_training_time_after_min_dataset_in_sec": 2435.8021111488342,
    "TRAINER_waiting_time_in_sec": 120.28866863250732,
    "network_updates_per_env_step": 9.966491672272056,
    "total_training_time_in_hours": 0.8203521476189295,
    "total_training_time_in_sec": 2953.2677314281464
}