{
    "COLLECTOR_env_steps_per_sec": 2.810572185164903,
    "COLLECTOR_experience_collecting_time_in_sec": 2935.345351934433,
    "COLLECTOR_total_number_of_episodes_executed": 75,
    "COLLECTOR_total_number_of_steps_executed": 8250,
    "COLLECTOR_total_saving_time_in_sec": 55.85672092437744,
    "TRAINER_network_updates_per_sec": 7.250239001973965,
    "TRAINER_total_network_updates": 19253,
    "TRAINER_training_time_after_min_dataset_in_sec": 2655.4986662864685,
    "TRAINER_waiting_time_in_sec": 279.924516916275,
    "network_updates_per_env_step": 2.579630952104002,
    "total_training_time_in_hours": 0.8309758234024048,
    "total_training_time_in_sec": 2991.512964248657
}