{
    "COLLECTOR_env_steps_per_sec": 6.877726267622938,
    "COLLECTOR_experience_collecting_time_in_sec": 12115.922727584839,
    "COLLECTOR_total_number_of_episodes_executed": 1282,
    "COLLECTOR_total_number_of_steps_executed": 83330,
    "COLLECTOR_total_saving_time_in_sec": 399.48198533058167,
    "TRAINER_network_updates_per_sec": 33.976337642398484,
    "TRAINER_total_network_updates": 361133,
    "TRAINER_training_time_after_min_dataset_in_sec": 10628.956063508987,
    "TRAINER_waiting_time_in_sec": 1487.0803468227386,
    "network_updates_per_env_step": 4.940053779450762,
    "total_training_time_in_hours": 3.4766089437405268,
    "total_training_time_in_sec": 12515.792197465897
}