{
    "COLLECTOR_env_steps_per_sec": 6.692242119001902,
    "COLLECTOR_experience_collecting_time_in_sec": 6223.624199390411,
    "COLLECTOR_total_number_of_episodes_executed": 833,
    "COLLECTOR_total_number_of_steps_executed": 41650,
    "COLLECTOR_total_saving_time_in_sec": 538.2015438079834,
    "TRAINER_network_updates_per_sec": 66.68931182227436,
    "TRAINER_total_network_updates": 374850,
    "TRAINER_training_time_after_min_dataset_in_sec": 5620.840727806091,
    "TRAINER_waiting_time_in_sec": 602.8476734161377,
    "network_updates_per_env_step": 9.96516722443697,
    "total_training_time_in_hours": 1.8783852859338124,
    "total_training_time_in_sec": 6762.187029361725
}