{
    "COLLECTOR_env_steps_per_sec": 8.467121211675169,
    "COLLECTOR_experience_collecting_time_in_sec": 4919.027253627777,
    "COLLECTOR_total_number_of_episodes_executed": 833,
    "COLLECTOR_total_number_of_steps_executed": 41650,
    "COLLECTOR_total_saving_time_in_sec": 224.0184350013733,
    "TRAINER_network_updates_per_sec": 84.3544813360796,
    "TRAINER_total_network_updates": 374814,
    "TRAINER_training_time_after_min_dataset_in_sec": 4443.320545196533,
    "TRAINER_waiting_time_in_sec": 475.76997113227844,
    "network_updates_per_env_step": 9.962592860931842,
    "total_training_time_in_hours": 1.428696668876542,
    "total_training_time_in_sec": 5143.308007955551
}