{
    "COLLECTOR_env_steps_per_sec": 5.9284770237299504,
    "COLLECTOR_experience_collecting_time_in_sec": 7025.4130754470825,
    "COLLECTOR_total_number_of_episodes_executed": 833,
    "COLLECTOR_total_number_of_steps_executed": 41650,
    "COLLECTOR_total_saving_time_in_sec": 776.0276057720184,
    "TRAINER_network_updates_per_sec": 59.04389109824393,
    "TRAINER_total_network_updates": 374850,
    "TRAINER_training_time_after_min_dataset_in_sec": 6348.666949748993,
    "TRAINER_waiting_time_in_sec": 676.8297452926636,
    "network_updates_per_env_step": 9.959369136779749,
    "total_training_time_in_hours": 2.1671700412697263,
    "total_training_time_in_sec": 7801.812148571014
}