{
    "COLLECTOR_env_steps_per_sec": 5.901733211358724,
    "COLLECTOR_experience_collecting_time_in_sec": 4236.043735742569,
    "COLLECTOR_total_number_of_episodes_executed": 500,
    "COLLECTOR_total_number_of_steps_executed": 25000,
    "COLLECTOR_total_saving_time_in_sec": 246.09316658973694,
    "TRAINER_network_updates_per_sec": 24.51263201782744,
    "TRAINER_total_network_updates": 99118,
    "TRAINER_training_time_after_min_dataset_in_sec": 4043.5478298664093,
    "TRAINER_waiting_time_in_sec": 192.59911942481995,
    "network_updates_per_env_step": 4.153463252227226,
    "total_training_time_in_hours": 1.2453382859627407,
    "total_training_time_in_sec": 4483.217829465866
}