{
    "COLLECTOR_env_steps_per_sec": 2.3238846559642665,
    "COLLECTOR_experience_collecting_time_in_sec": 3550.0901384353638,
    "COLLECTOR_total_number_of_episodes_executed": 75,
    "COLLECTOR_total_number_of_steps_executed": 8250,
    "COLLECTOR_total_saving_time_in_sec": 118.9452006816864,
    "TRAINER_network_updates_per_sec": 7.467916292046376,
    "TRAINER_total_network_updates": 23973,
    "TRAINER_training_time_after_min_dataset_in_sec": 3210.132393360138,
    "TRAINER_waiting_time_in_sec": 340.03848814964294,
    "network_updates_per_env_step": 3.2135486040066215,
    "total_training_time_in_hours": 1.0193057410584556,
    "total_training_time_in_sec": 3669.50066781044
}