{
    "COLLECTOR_env_steps_per_sec": 5.754723232629426,
    "COLLECTOR_experience_collecting_time_in_sec": 28950.13248515129,
    "COLLECTOR_total_number_of_episodes_executed": 833,
    "COLLECTOR_total_number_of_steps_executed": 166600,
    "COLLECTOR_total_saving_time_in_sec": 1341.6767704486847,
    "TRAINER_network_updates_per_sec": 58.493943954982974,
    "TRAINER_total_network_updates": 1166001,
    "TRAINER_training_time_after_min_dataset_in_sec": 19933.704605340958,
    "TRAINER_waiting_time_in_sec": 9016.505457878113,
    "network_updates_per_env_step": 10.16451036660127,
    "total_training_time_in_hours": 8.414482098089325,
    "total_training_time_in_sec": 30292.135553121567
}