{
    "COLLECTOR_env_steps_per_sec": 7.154189346454522,
    "COLLECTOR_experience_collecting_time_in_sec": 83866.9443795681,
    "COLLECTOR_total_number_of_episodes_executed": 3000,
    "COLLECTOR_total_number_of_steps_executed": 600000,
    "COLLECTOR_total_saving_time_in_sec": 1164.7322998046875,
    "TRAINER_network_updates_per_sec": 31.63765789611829,
    "TRAINER_total_network_updates": 2427496,
    "TRAINER_training_time_after_min_dataset_in_sec": 76728.05641841888,
    "TRAINER_waiting_time_in_sec": 7138.995782375336,
    "network_updates_per_env_step": 4.422256158455927,
    "total_training_time_in_hours": 23.620159664750098,
    "total_training_time_in_sec": 85032.57479310036
}