{
    "COLLECTOR_env_steps_per_sec": 5.936531787582338,
    "COLLECTOR_experience_collecting_time_in_sec": 7015.880903244019,
    "COLLECTOR_total_number_of_episodes_executed": 833,
    "COLLECTOR_total_number_of_steps_executed": 41650,
    "COLLECTOR_total_saving_time_in_sec": 765.118302822113,
    "TRAINER_network_updates_per_sec": 59.29931351744223,
    "TRAINER_total_network_updates": 374850,
    "TRAINER_training_time_after_min_dataset_in_sec": 6321.321070432663,
    "TRAINER_waiting_time_in_sec": 694.6431355476379,
    "network_updates_per_env_step": 9.988881663445447,
    "total_training_time_in_hours": 2.161514483690262,
    "total_training_time_in_sec": 7781.452141284943
}