{
    "COLLECTOR_env_steps_per_sec": 8.2194246004672,
    "COLLECTOR_experience_collecting_time_in_sec": 5069.089629173279,
    "COLLECTOR_total_number_of_episodes_executed": 641,
    "COLLECTOR_total_number_of_steps_executed": 41665,
    "COLLECTOR_total_saving_time_in_sec": 158.15685272216797,
    "TRAINER_network_updates_per_sec": 48.41488976343506,
    "TRAINER_total_network_updates": 217363,
    "TRAINER_training_time_after_min_dataset_in_sec": 4489.589898109436,
    "TRAINER_waiting_time_in_sec": 579.6326413154602,
    "network_updates_per_env_step": 5.890301586400965,
    "total_training_time_in_hours": 1.452135027249654,
    "total_training_time_in_sec": 5227.686098098755
}