{
    "COLLECTOR_env_steps_per_sec": 2.7261834700534195,
    "COLLECTOR_experience_collecting_time_in_sec": 3044.549309015274,
    "COLLECTOR_total_number_of_episodes_executed": 166,
    "COLLECTOR_total_number_of_steps_executed": 8300,
    "COLLECTOR_total_saving_time_in_sec": 248.01016926765442,
    "TRAINER_network_updates_per_sec": 10.979854369081314,
    "TRAINER_total_network_updates": 32762,
    "TRAINER_training_time_after_min_dataset_in_sec": 2983.8282821178436,
    "TRAINER_waiting_time_in_sec": 60.7958779335022,
    "network_updates_per_env_step": 4.027555184635524,
    "total_training_time_in_hours": 0.9146987851460775,
    "total_training_time_in_sec": 3292.915626525879
}