{
    "COLLECTOR_env_steps_per_sec": 1.972153803494162,
    "COLLECTOR_experience_collecting_time_in_sec": 2104.2983527183533,
    "COLLECTOR_total_number_of_episodes_executed": 83,
    "COLLECTOR_total_number_of_steps_executed": 4150,
    "COLLECTOR_total_saving_time_in_sec": 775.5161924362183,
    "TRAINER_network_updates_per_sec": 18.96664580806759,
    "TRAINER_total_network_updates": 39430,
    "TRAINER_training_time_after_min_dataset_in_sec": 2078.912655353546,
    "TRAINER_waiting_time_in_sec": 25.4605975151062,
    "network_updates_per_env_step": 9.617224465182913,
    "total_training_time_in_hours": 0.8000324296951294,
    "total_training_time_in_sec": 2880.116746902466
}