{
    "COLLECTOR_env_steps_per_sec": 7.778896196808137,
    "COLLECTOR_experience_collecting_time_in_sec": 5356.1583733558655,
    "COLLECTOR_total_number_of_episodes_executed": 641,
    "COLLECTOR_total_number_of_steps_executed": 41665,
    "COLLECTOR_total_saving_time_in_sec": 278.6220188140869,
    "TRAINER_network_updates_per_sec": 35.45573878771355,
    "TRAINER_total_network_updates": 166748,
    "TRAINER_training_time_after_min_dataset_in_sec": 4702.990424156189,
    "TRAINER_waiting_time_in_sec": 653.2814455032349,
    "network_updates_per_env_step": 4.557939570174733,
    "total_training_time_in_hours": 1.5653301056226094,
    "total_training_time_in_sec": 5635.188380241394
}