{
    "COLLECTOR_env_steps_per_sec": 2.9104714133826874,
    "COLLECTOR_experience_collecting_time_in_sec": 2844.8999574184418,
    "COLLECTOR_total_number_of_episodes_executed": 92,
    "COLLECTOR_total_number_of_steps_executed": 8280,
    "COLLECTOR_total_saving_time_in_sec": 287.32682704925537,
    "TRAINER_network_updates_per_sec": 29.109272570357835,
    "TRAINER_total_network_updates": 74480,
    "TRAINER_training_time_after_min_dataset_in_sec": 2558.634875535965,
    "TRAINER_waiting_time_in_sec": 286.33840680122375,
    "network_updates_per_env_step": 10.001566219310728,
    "total_training_time_in_hours": 0.8701634989844428,
    "total_training_time_in_sec": 3132.588596343994
}