{
    "COLLECTOR_env_steps_per_sec": 6.648901294102075,
    "COLLECTOR_experience_collecting_time_in_sec": 12532.897739648819,
    "COLLECTOR_total_number_of_episodes_executed": 1282,
    "COLLECTOR_total_number_of_steps_executed": 83330,
    "COLLECTOR_total_saving_time_in_sec": 401.0271346569061,
    "TRAINER_network_updates_per_sec": 33.29389842670423,
    "TRAINER_total_network_updates": 367599,
    "TRAINER_training_time_after_min_dataset_in_sec": 11041.03206205368,
    "TRAINER_waiting_time_in_sec": 1491.9970617294312,
    "network_updates_per_env_step": 5.007428589177233,
    "total_training_time_in_hours": 3.59290410498778,
    "total_training_time_in_sec": 12934.454777956009
}