{
    "COLLECTOR_env_steps_per_sec": 8.980472742811395,
    "COLLECTOR_experience_collecting_time_in_sec": 4639.510768890381,
    "COLLECTOR_total_number_of_episodes_executed": 641,
    "COLLECTOR_total_number_of_steps_executed": 41665,
    "COLLECTOR_total_saving_time_in_sec": 103.26963496208191,
    "TRAINER_network_updates_per_sec": 48.05958491372897,
    "TRAINER_total_network_updates": 197630,
    "TRAINER_training_time_after_min_dataset_in_sec": 4112.186993598938,
    "TRAINER_waiting_time_in_sec": 527.4517438411713,
    "network_updates_per_env_step": 5.351565144741323,
    "total_training_time_in_hours": 1.3175640371772979,
    "total_training_time_in_sec": 4743.230533838272
}