{
    "COLLECTOR_env_steps_per_sec": 6.0983496086018825,
    "COLLECTOR_experience_collecting_time_in_sec": 21841.97505044937,
    "COLLECTOR_total_number_of_episodes_executed": 666,
    "COLLECTOR_total_number_of_steps_executed": 133200,
    "COLLECTOR_total_saving_time_in_sec": 587.1222105026245,
    "TRAINER_network_updates_per_sec": 52.73430999954131,
    "TRAINER_total_network_updates": 744543,
    "TRAINER_training_time_after_min_dataset_in_sec": 14118.758736133575,
    "TRAINER_waiting_time_in_sec": 7723.300589561462,
    "network_updates_per_env_step": 8.64730843327811,
    "total_training_time_in_hours": 6.230398694343037,
    "total_training_time_in_sec": 22429.435299634933
}