{
    "COLLECTOR_env_steps_per_sec": 3.0496605963767722,
    "COLLECTOR_experience_collecting_time_in_sec": 2728.172443151474,
    "COLLECTOR_total_number_of_episodes_executed": 416,
    "COLLECTOR_total_number_of_steps_executed": 8320,
    "COLLECTOR_total_saving_time_in_sec": 745.6001493930817,
    "TRAINER_network_updates_per_sec": 29.61472382703087,
    "TRAINER_total_network_updates": 79050,
    "TRAINER_training_time_after_min_dataset_in_sec": 2669.2803370952606,
    "TRAINER_waiting_time_in_sec": 58.97887396812439,
    "network_updates_per_env_step": 9.710826136592184,
    "total_training_time_in_hours": 0.9650222410096062,
    "total_training_time_in_sec": 3474.0800676345825
}