{
    "COLLECTOR_env_steps_per_sec": 6.049633561238239,
    "COLLECTOR_experience_collecting_time_in_sec": 11008.931256055832,
    "COLLECTOR_total_number_of_episodes_executed": 333,
    "COLLECTOR_total_number_of_steps_executed": 66600,
    "COLLECTOR_total_saving_time_in_sec": 1363.2743065357208,
    "TRAINER_network_updates_per_sec": 60.03208527213843,
    "TRAINER_total_network_updates": 632680,
    "TRAINER_training_time_after_min_dataset_in_sec": 10539.030872106552,
    "TRAINER_waiting_time_in_sec": 469.97705078125,
    "network_updates_per_env_step": 9.923259758538345,
    "total_training_time_in_hours": 3.436814873019854,
    "total_training_time_in_sec": 12372.533542871475
}