{
    "COLLECTOR_env_steps_per_sec": 1.9788365771469996,
    "COLLECTOR_experience_collecting_time_in_sec": 2097.191879272461,
    "COLLECTOR_total_number_of_episodes_executed": 83,
    "COLLECTOR_total_number_of_steps_executed": 4150,
    "COLLECTOR_total_saving_time_in_sec": 794.302613735199,
    "TRAINER_network_updates_per_sec": 19.032167849642036,
    "TRAINER_total_network_updates": 39430,
    "TRAINER_training_time_after_min_dataset_in_sec": 2071.755583047867,
    "TRAINER_waiting_time_in_sec": 25.498740434646606,
    "network_updates_per_env_step": 9.617857315474625,
    "total_training_time_in_hours": 0.8032682390345467,
    "total_training_time_in_sec": 2891.7656605243683
}