{
    "COLLECTOR_env_steps_per_sec": 6.196172078672871,
    "COLLECTOR_experience_collecting_time_in_sec": 10748.57172369957,
    "COLLECTOR_total_number_of_episodes_executed": 333,
    "COLLECTOR_total_number_of_steps_executed": 66600,
    "COLLECTOR_total_saving_time_in_sec": 507.7810549736023,
    "TRAINER_network_updates_per_sec": 47.82286601705979,
    "TRAINER_total_network_updates": 139235,
    "TRAINER_training_time_after_min_dataset_in_sec": 2911.4733514785767,
    "TRAINER_waiting_time_in_sec": 7837.185305595398,
    "network_updates_per_env_step": 7.718130711970598,
    "total_training_time_in_hours": 3.1268565371963715,
    "total_training_time_in_sec": 11256.683533906937
}