{
    "COLLECTOR_env_steps_per_sec": 6.282663148569024,
    "COLLECTOR_experience_collecting_time_in_sec": 6629.354306459427,
    "COLLECTOR_total_number_of_episodes_executed": 833,
    "COLLECTOR_total_number_of_steps_executed": 41650,
    "COLLECTOR_total_saving_time_in_sec": 680.0373859405518,
    "TRAINER_network_updates_per_sec": 62.70327888549849,
    "TRAINER_total_network_updates": 374850,
    "TRAINER_training_time_after_min_dataset_in_sec": 5978.156272888184,
    "TRAINER_waiting_time_in_sec": 651.2613949775696,
    "network_updates_per_env_step": 9.980366192285855,
    "total_training_time_in_hours": 2.0304929605457516,
    "total_training_time_in_sec": 7309.774657964706
}