{
    "COLLECTOR_env_steps_per_sec": 3.6143219725986815,
    "COLLECTOR_experience_collecting_time_in_sec": 4603.906383037567,
    "COLLECTOR_total_number_of_episodes_executed": 416,
    "COLLECTOR_total_number_of_steps_executed": 16640,
    "COLLECTOR_total_saving_time_in_sec": 461.0047676563263,
    "TRAINER_network_updates_per_sec": 36.272123846357026,
    "TRAINER_total_network_updates": 149750,
    "TRAINER_training_time_after_min_dataset_in_sec": 4128.514796495438,
    "TRAINER_waiting_time_in_sec": 475.4529974460602,
    "network_updates_per_env_step": 10.035664813856506,
    "total_training_time_in_hours": 1.4069889922274483,
    "total_training_time_in_sec": 5065.160372018814
}