{
    "COLLECTOR_env_steps_per_sec": 2.3316953474505255,
    "COLLECTOR_experience_collecting_time_in_sec": 1779.8208520412445,
    "COLLECTOR_total_number_of_episodes_executed": 83,
    "COLLECTOR_total_number_of_steps_executed": 4150,
    "COLLECTOR_total_saving_time_in_sec": 449.4975516796112,
    "TRAINER_network_updates_per_sec": 22.41935050872252,
    "TRAINER_total_network_updates": 39430,
    "TRAINER_training_time_after_min_dataset_in_sec": 1758.7485411167145,
    "TRAINER_waiting_time_in_sec": 21.13449239730835,
    "network_updates_per_env_step": 9.61504277702309,
    "total_training_time_in_hours": 0.6193290388584137,
    "total_training_time_in_sec": 2229.5845398902893
}