{
    "COLLECTOR_env_steps_per_sec": 5.864322633629927,
    "COLLECTOR_experience_collecting_time_in_sec": 14204.539075374603,
    "COLLECTOR_total_number_of_episodes_executed": 1666,
    "COLLECTOR_total_number_of_steps_executed": 83300,
    "COLLECTOR_total_saving_time_in_sec": 757.3601453304291,
    "TRAINER_network_updates_per_sec": 59.03726267354927,
    "TRAINER_total_network_updates": 749680,
    "TRAINER_training_time_after_min_dataset_in_sec": 12698.420727014542,
    "TRAINER_waiting_time_in_sec": 1506.2000360488892,
    "network_updates_per_env_step": 10.067192131447602,
    "total_training_time_in_hours": 4.156162105467584,
    "total_training_time_in_sec": 14962.183579683304
}