{
    "COLLECTOR_env_steps_per_sec": 8.47748295512492,
    "COLLECTOR_experience_collecting_time_in_sec": 4913.014891386032,
    "COLLECTOR_total_number_of_episodes_executed": 833,
    "COLLECTOR_total_number_of_steps_executed": 41650,
    "COLLECTOR_total_saving_time_in_sec": 204.77305006980896,
    "TRAINER_network_updates_per_sec": 84.4388363109415,
    "TRAINER_total_network_updates": 374811,
    "TRAINER_training_time_after_min_dataset_in_sec": 4438.846108913422,
    "TRAINER_waiting_time_in_sec": 474.23460149765015,
    "network_updates_per_env_step": 9.960366391523726,
    "total_training_time_in_hours": 1.421722195148468,
    "total_training_time_in_sec": 5118.199902534485
}