{
    "COLLECTOR_env_steps_per_sec": 3.762037001033759,
    "COLLECTOR_experience_collecting_time_in_sec": 4425.793790817261,
    "COLLECTOR_total_number_of_episodes_executed": 185,
    "COLLECTOR_total_number_of_steps_executed": 16650,
    "COLLECTOR_total_saving_time_in_sec": 481.9221773147583,
    "TRAINER_network_updates_per_sec": 37.82718521098618,
    "TRAINER_total_network_updates": 149850,
    "TRAINER_training_time_after_min_dataset_in_sec": 3961.4367065429688,
    "TRAINER_waiting_time_in_sec": 464.45213556289673,
    "network_updates_per_env_step": 10.054974260112742,
    "total_training_time_in_hours": 1.363365215063095,
    "total_training_time_in_sec": 4908.114774227142
}