{
    "COLLECTOR_env_steps_per_sec": 2.1500815472636385,
    "COLLECTOR_experience_collecting_time_in_sec": 1930.1593492031097,
    "COLLECTOR_total_number_of_episodes_executed": 83,
    "COLLECTOR_total_number_of_steps_executed": 4150,
    "COLLECTOR_total_saving_time_in_sec": 107.8612289428711,
    "TRAINER_network_updates_per_sec": 6.247643225824183,
    "TRAINER_total_network_updates": 11913,
    "TRAINER_training_time_after_min_dataset_in_sec": 1906.7990231513977,
    "TRAINER_waiting_time_in_sec": 23.434645414352417,
    "network_updates_per_env_step": 2.90577035730362,
    "total_training_time_in_hours": 0.5662254795100954,
    "total_training_time_in_sec": 2038.4117262363434
}