{
    "COLLECTOR_env_steps_per_sec": 6.220782223051265,
    "COLLECTOR_experience_collecting_time_in_sec": 10706.049112796783,
    "COLLECTOR_total_number_of_episodes_executed": 333,
    "COLLECTOR_total_number_of_steps_executed": 66600,
    "COLLECTOR_total_saving_time_in_sec": 1277.7192261219025,
    "TRAINER_network_updates_per_sec": 61.68589241743229,
    "TRAINER_total_network_updates": 632680,
    "TRAINER_training_time_after_min_dataset_in_sec": 10256.478024482727,
    "TRAINER_waiting_time_in_sec": 449.6439492702484,
    "network_updates_per_env_step": 9.916099005821755,
    "total_training_time_in_hours": 3.328906199004915,
    "total_training_time_in_sec": 11984.062316417694
}