{
    "COLLECTOR_env_steps_per_sec": 3.275199477775833,
    "COLLECTOR_experience_collecting_time_in_sec": 2534.1967890262604,
    "COLLECTOR_total_number_of_episodes_executed": 166,
    "COLLECTOR_total_number_of_steps_executed": 8300,
    "COLLECTOR_total_saving_time_in_sec": 730.0998086929321,
    "TRAINER_network_updates_per_sec": 31.744403360637108,
    "TRAINER_total_network_updates": 78849,
    "TRAINER_training_time_after_min_dataset_in_sec": 2483.870908021927,
    "TRAINER_waiting_time_in_sec": 50.4040367603302,
    "network_updates_per_env_step": 9.692357236877227,
    "total_training_time_in_hours": 0.9068317613999048,
    "total_training_time_in_sec": 3264.5943410396576
}