{
    "COLLECTOR_env_steps_per_sec": 8.217874087375455,
    "COLLECTOR_experience_collecting_time_in_sec": 8104.285766839981,
    "COLLECTOR_total_number_of_episodes_executed": 333,
    "COLLECTOR_total_number_of_steps_executed": 66600,
    "COLLECTOR_total_saving_time_in_sec": 291.08669996261597,
    "TRAINER_network_updates_per_sec": 46.847487786084905,
    "TRAINER_total_network_updates": 104369,
    "TRAINER_training_time_after_min_dataset_in_sec": 2227.846250295639,
    "TRAINER_waiting_time_in_sec": 5876.530300855637,
    "network_updates_per_env_step": 5.700682109263931,
    "total_training_time_in_hours": 2.3321668373213873,
    "total_training_time_in_sec": 8395.800614356995
}