{
    "COLLECTOR_env_steps_per_sec": 5.912903043748215,
    "COLLECTOR_experience_collecting_time_in_sec": 14087.834585428238,
    "COLLECTOR_total_number_of_episodes_executed": 1666,
    "COLLECTOR_total_number_of_steps_executed": 83300,
    "COLLECTOR_total_saving_time_in_sec": 716.0929415225983,
    "TRAINER_network_updates_per_sec": 59.53950444596892,
    "TRAINER_total_network_updates": 749680,
    "TRAINER_training_time_after_min_dataset_in_sec": 12591.303991794586,
    "TRAINER_waiting_time_in_sec": 1496.5982139110565,
    "network_updates_per_env_step": 10.069420047217038,
    "total_training_time_in_hours": 4.112280726499027,
    "total_training_time_in_sec": 14804.2106153965
}