{
    "COLLECTOR_env_steps_per_sec": 2.729275397724007,
    "COLLECTOR_experience_collecting_time_in_sec": 3041.100215435028,
    "COLLECTOR_total_number_of_episodes_executed": 166,
    "COLLECTOR_total_number_of_steps_executed": 8300,
    "COLLECTOR_total_saving_time_in_sec": 253.1932623386383,
    "TRAINER_network_updates_per_sec": 10.997006980965466,
    "TRAINER_total_network_updates": 32776,
    "TRAINER_training_time_after_min_dataset_in_sec": 2980.4473214149475,
    "TRAINER_waiting_time_in_sec": 60.727593421936035,
    "network_updates_per_env_step": 4.02927714445236,
    "total_training_time_in_hours": 0.9151793091164695,
    "total_training_time_in_sec": 3294.64551281929
}