{
    "COLLECTOR_env_steps_per_sec": 2.08117298776797,
    "COLLECTOR_experience_collecting_time_in_sec": 8007.503507852554,
    "COLLECTOR_total_number_of_episodes_executed": 1111,
    "COLLECTOR_total_number_of_steps_executed": 16665,
    "COLLECTOR_total_saving_time_in_sec": 475.9355847835541,
    "TRAINER_network_updates_per_sec": 20.735886732977768,
    "TRAINER_total_network_updates": 150000,
    "TRAINER_training_time_after_min_dataset_in_sec": 7233.83580994606,
    "TRAINER_waiting_time_in_sec": 773.7390294075012,
    "network_updates_per_env_step": 9.963557500915254,
    "total_training_time_in_hours": 2.35657843000359,
    "total_training_time_in_sec": 8483.682348012924
}