{
    "COLLECTOR_env_steps_per_sec": 3.2662880103574734,
    "COLLECTOR_experience_collecting_time_in_sec": 2541.1108798980713,
    "COLLECTOR_total_number_of_episodes_executed": 166,
    "COLLECTOR_total_number_of_steps_executed": 8300,
    "COLLECTOR_total_saving_time_in_sec": 792.1221325397491,
    "TRAINER_network_updates_per_sec": 31.65310126870382,
    "TRAINER_total_network_updates": 78850,
    "TRAINER_training_time_after_min_dataset_in_sec": 2491.0671257972717,
    "TRAINER_waiting_time_in_sec": 50.12286329269409,
    "network_updates_per_env_step": 9.690848194749243,
    "total_training_time_in_hours": 0.9259822177224689,
    "total_training_time_in_sec": 3333.535983800888
}