{
    "COLLECTOR_env_steps_per_sec": 6.594001025979234,
    "COLLECTOR_experience_collecting_time_in_sec": 7582.649714946747,
    "COLLECTOR_total_number_of_episodes_executed": 1000,
    "COLLECTOR_total_number_of_steps_executed": 50000,
    "COLLECTOR_total_saving_time_in_sec": 663.0071821212769,
    "TRAINER_network_updates_per_sec": 52.11783107481046,
    "TRAINER_total_network_updates": 377206,
    "TRAINER_training_time_after_min_dataset_in_sec": 7237.5613532066345,
    "TRAINER_waiting_time_in_sec": 345.19650411605835,
    "network_updates_per_env_step": 7.903825138861086,
    "total_training_time_in_hours": 2.2905645730098088,
    "total_training_time_in_sec": 8246.032462835312
}