{
    "COLLECTOR_env_steps_per_sec": 3.598509396821662,
    "COLLECTOR_experience_collecting_time_in_sec": 4624.136875867844,
    "COLLECTOR_total_number_of_episodes_executed": 416,
    "COLLECTOR_total_number_of_steps_executed": 16640,
    "COLLECTOR_total_saving_time_in_sec": 479.3031847476959,
    "TRAINER_network_updates_per_sec": 36.157472325826944,
    "TRAINER_total_network_updates": 149750,
    "TRAINER_training_time_after_min_dataset_in_sec": 4141.6058802604675,
    "TRAINER_waiting_time_in_sec": 482.59794998168945,
    "network_updates_per_env_step": 10.04790271154011,
    "total_training_time_in_hours": 1.4176942853132883,
    "total_training_time_in_sec": 5103.699427127838
}