{
    "COLLECTOR_env_steps_per_sec": 2.0003672391987584,
    "COLLECTOR_experience_collecting_time_in_sec": 4124.242708206177,
    "COLLECTOR_total_number_of_episodes_executed": 75,
    "COLLECTOR_total_number_of_steps_executed": 8250,
    "COLLECTOR_total_saving_time_in_sec": 189.64027619361877,
    "TRAINER_network_updates_per_sec": 7.502839851827992,
    "TRAINER_total_network_updates": 27957,
    "TRAINER_training_time_after_min_dataset_in_sec": 3726.189090013504,
    "TRAINER_waiting_time_in_sec": 398.1319029331207,
    "network_updates_per_env_step": 3.75073121815034,
    "total_training_time_in_hours": 1.1984324120812946,
    "total_training_time_in_sec": 4314.3566834926605
}