{
    "COLLECTOR_env_steps_per_sec": 6.380190790526236,
    "COLLECTOR_experience_collecting_time_in_sec": 31347.02496623993,
    "COLLECTOR_total_number_of_episodes_executed": 1000,
    "COLLECTOR_total_number_of_steps_executed": 200000,
    "COLLECTOR_total_saving_time_in_sec": 1328.2194097042084,
    "TRAINER_network_updates_per_sec": 63.30290454467182,
    "TRAINER_total_network_updates": 1900010,
    "TRAINER_training_time_after_min_dataset_in_sec": 30014.57853579521,
    "TRAINER_waiting_time_in_sec": 1332.5304021835327,
    "network_updates_per_env_step": 9.921788645986654,
    "total_training_time_in_hours": 9.07657195329666,
    "total_training_time_in_sec": 32675.65903186798
}