{
    "COLLECTOR_env_steps_per_sec": 2.319162915526966,
    "COLLECTOR_experience_collecting_time_in_sec": 3557.3180067539215,
    "COLLECTOR_total_number_of_episodes_executed": 75,
    "COLLECTOR_total_number_of_steps_executed": 8250,
    "COLLECTOR_total_saving_time_in_sec": 117.34834718704224,
    "TRAINER_network_updates_per_sec": 7.3959559479391475,
    "TRAINER_total_network_updates": 23790,
    "TRAINER_training_time_after_min_dataset_in_sec": 3216.6227283477783,
    "TRAINER_waiting_time_in_sec": 340.7764275074005,
    "network_updates_per_env_step": 3.1890626994863873,
    "total_training_time_in_hours": 1.0208654616276422,
    "total_training_time_in_sec": 3675.1156618595123
}