{
    "COLLECTOR_env_steps_per_sec": 1.8831821174303793,
    "COLLECTOR_experience_collecting_time_in_sec": 2203.7167630195618,
    "COLLECTOR_total_number_of_episodes_executed": 83,
    "COLLECTOR_total_number_of_steps_executed": 4150,
    "COLLECTOR_total_saving_time_in_sec": 188.4844172000885,
    "TRAINER_network_updates_per_sec": 6.494845166944008,
    "TRAINER_total_network_updates": 14138,
    "TRAINER_training_time_after_min_dataset_in_sec": 2176.803239583969,
    "TRAINER_waiting_time_in_sec": 26.994920015335083,
    "network_updates_per_env_step": 3.448867269303878,
    "total_training_time_in_hours": 0.664598769015736,
    "total_training_time_in_sec": 2392.55556845665
}