{
    "COLLECTOR_env_steps_per_sec": 7.195920543741455,
    "COLLECTOR_experience_collecting_time_in_sec": 5788.00165271759,
    "COLLECTOR_total_number_of_episodes_executed": 833,
    "COLLECTOR_total_number_of_steps_executed": 41650,
    "COLLECTOR_total_saving_time_in_sec": 440.48297357559204,
    "TRAINER_network_updates_per_sec": 71.73200033163714,
    "TRAINER_total_network_updates": 374847,
    "TRAINER_training_time_after_min_dataset_in_sec": 5225.659374713898,
    "TRAINER_waiting_time_in_sec": 562.4194784164429,
    "network_updates_per_env_step": 9.968425845672376,
    "total_training_time_in_hours": 1.730223048263126,
    "total_training_time_in_sec": 6228.802973747253
}