{
    "COLLECTOR_env_steps_per_sec": 3.747661695739752,
    "COLLECTOR_experience_collecting_time_in_sec": 4442.77027964592,
    "COLLECTOR_total_number_of_episodes_executed": 185,
    "COLLECTOR_total_number_of_steps_executed": 16650,
    "COLLECTOR_total_saving_time_in_sec": 475.4569411277771,
    "TRAINER_network_updates_per_sec": 37.63466663416889,
    "TRAINER_total_network_updates": 149850,
    "TRAINER_training_time_after_min_dataset_in_sec": 3981.7012717723846,
    "TRAINER_waiting_time_in_sec": 461.1824417114258,
    "network_updates_per_env_step": 10.042172877277325,
    "total_training_time_in_hours": 1.366259549326367,
    "total_training_time_in_sec": 4918.534377574921
}