{
    "COLLECTOR_env_steps_per_sec": 2.539917540136532,
    "COLLECTOR_experience_collecting_time_in_sec": 3248.13694524765,
    "COLLECTOR_total_number_of_episodes_executed": 75,
    "COLLECTOR_total_number_of_steps_executed": 8250,
    "COLLECTOR_total_saving_time_in_sec": 85.03137493133545,
    "TRAINER_network_updates_per_sec": 7.3934095658838,
    "TRAINER_total_network_updates": 21714,
    "TRAINER_training_time_after_min_dataset_in_sec": 2936.939960718155,
    "TRAINER_waiting_time_in_sec": 311.27721405029297,
    "network_updates_per_env_step": 2.9108856681569164,
    "total_training_time_in_hours": 0.9259826297892465,
    "total_training_time_in_sec": 3333.5374672412872
}