{
    "COLLECTOR_env_steps_per_sec": 4.891326253332541,
    "COLLECTOR_experience_collecting_time_in_sec": 5111.088221311569,
    "COLLECTOR_total_number_of_episodes_executed": 500,
    "COLLECTOR_total_number_of_steps_executed": 25000,
    "COLLECTOR_total_saving_time_in_sec": 248.87964248657227,
    "TRAINER_network_updates_per_sec": 20.31515983542387,
    "TRAINER_total_network_updates": 100151,
    "TRAINER_training_time_after_min_dataset_in_sec": 4929.86522436142,
    "TRAINER_waiting_time_in_sec": 181.29600477218628,
    "network_updates_per_env_step": 4.153302965955873,
    "total_training_time_in_hours": 1.4889653489324781,
    "total_training_time_in_sec": 5360.275256156921
}