{
    "COLLECTOR_env_steps_per_sec": 8.982490235565242,
    "COLLECTOR_experience_collecting_time_in_sec": 4638.468721628189,
    "COLLECTOR_total_number_of_episodes_executed": 641,
    "COLLECTOR_total_number_of_steps_executed": 41665,
    "COLLECTOR_total_saving_time_in_sec": 162.7718710899353,
    "TRAINER_network_updates_per_sec": 37.39025352865809,
    "TRAINER_total_network_updates": 152757,
    "TRAINER_training_time_after_min_dataset_in_sec": 4085.4764432907104,
    "TRAINER_waiting_time_in_sec": 553.0970396995544,
    "network_updates_per_env_step": 4.162571018515027,
    "total_training_time_in_hours": 1.3337967689169778,
    "total_training_time_in_sec": 4801.66836810112
}