{
    "COLLECTOR_env_steps_per_sec": 3.5638667178099745,
    "COLLECTOR_experience_collecting_time_in_sec": 23379.101015090942,
    "COLLECTOR_total_number_of_episodes_executed": 4166,
    "COLLECTOR_total_number_of_steps_executed": 83320,
    "COLLECTOR_total_saving_time_in_sec": 715.6406004428864,
    "TRAINER_network_updates_per_sec": 35.7814343980124,
    "TRAINER_total_network_updates": 749880,
    "TRAINER_training_time_after_min_dataset_in_sec": 20957.236975431442,
    "TRAINER_waiting_time_in_sec": 2421.9627351760864,
    "network_updates_per_env_step": 10.040059640614277,
    "total_training_time_in_hours": 6.693110320832994,
    "total_training_time_in_sec": 24095.19715499878
}