{
    "COLLECTOR_env_steps_per_sec": 2.730618654659448,
    "COLLECTOR_experience_collecting_time_in_sec": 3039.6042251586914,
    "COLLECTOR_total_number_of_episodes_executed": 166,
    "COLLECTOR_total_number_of_steps_executed": 8300,
    "COLLECTOR_total_saving_time_in_sec": 245.27050828933716,
    "TRAINER_network_updates_per_sec": 11.370829198965133,
    "TRAINER_total_network_updates": 33871,
    "TRAINER_training_time_after_min_dataset_in_sec": 2978.7625341415405,
    "TRAINER_waiting_time_in_sec": 60.918994188308716,
    "network_updates_per_env_step": 4.16419523816051,
    "total_training_time_in_hours": 0.912555865380499,
    "total_training_time_in_sec": 3285.2011153697968
}