{
    "COLLECTOR_env_steps_per_sec": 3.0615783772210943,
    "COLLECTOR_experience_collecting_time_in_sec": 2717.552508831024,
    "COLLECTOR_total_number_of_episodes_executed": 416,
    "COLLECTOR_total_number_of_steps_executed": 8320,
    "COLLECTOR_total_saving_time_in_sec": 714.3786959648132,
    "TRAINER_network_updates_per_sec": 29.73604980358877,
    "TRAINER_total_network_updates": 79050,
    "TRAINER_training_time_after_min_dataset_in_sec": 2658.3894135951996,
    "TRAINER_waiting_time_in_sec": 59.24090075492859,
    "network_updates_per_env_step": 9.7126534551042,
    "total_training_time_in_hours": 0.9534209609031677,
    "total_training_time_in_sec": 3432.315459251404
}