{
    "COLLECTOR_env_steps_per_sec": 12.045646126172633,
    "COLLECTOR_experience_collecting_time_in_sec": 5528.968666553497,
    "COLLECTOR_total_number_of_episodes_executed": 333,
    "COLLECTOR_total_number_of_steps_executed": 66600,
    "COLLECTOR_total_saving_time_in_sec": 127.72271990776062,
    "TRAINER_network_updates_per_sec": 49.312642515866635,
    "TRAINER_total_network_updates": 72339,
    "TRAINER_training_time_after_min_dataset_in_sec": 1466.9463307857513,
    "TRAINER_waiting_time_in_sec": 4062.1187059879303,
    "network_updates_per_env_step": 4.093814644672379,
    "total_training_time_in_hours": 1.5714349879158869,
    "total_training_time_in_sec": 5657.165956497192
}