{
    "COLLECTOR_env_steps_per_sec": 6.8482354504236165,
    "COLLECTOR_experience_collecting_time_in_sec": 6084.048993587494,
    "COLLECTOR_total_number_of_episodes_executed": 641,
    "COLLECTOR_total_number_of_steps_executed": 41665,
    "COLLECTOR_total_saving_time_in_sec": 398.2418587207794,
    "TRAINER_network_updates_per_sec": 34.10784932695255,
    "TRAINER_total_network_updates": 181727,
    "TRAINER_training_time_after_min_dataset_in_sec": 5328.011105537415,
    "TRAINER_waiting_time_in_sec": 756.173017501831,
    "network_updates_per_env_step": 4.9805310541480745,
    "total_training_time_in_hours": 1.8007684125502905,
    "total_training_time_in_sec": 6482.7662851810455
}