{
    "COLLECTOR_env_steps_per_sec": 2.7234342857980387,
    "COLLECTOR_experience_collecting_time_in_sec": 3047.6226444244385,
    "COLLECTOR_total_number_of_episodes_executed": 166,
    "COLLECTOR_total_number_of_steps_executed": 8300,
    "COLLECTOR_total_saving_time_in_sec": 246.03546166419983,
    "TRAINER_network_updates_per_sec": 11.634780339501193,
    "TRAINER_total_network_updates": 34750,
    "TRAINER_training_time_after_min_dataset_in_sec": 2986.734513759613,
    "TRAINER_waiting_time_in_sec": 60.959030628204346,
    "network_updates_per_env_step": 4.272098798261215,
    "total_training_time_in_hours": 0.9150142580270767,
    "total_training_time_in_sec": 3294.051328897476
}