{
    "COLLECTOR_env_steps_per_sec": 6.843698094874505,
    "COLLECTOR_experience_collecting_time_in_sec": 12176.165407180786,
    "COLLECTOR_total_number_of_episodes_executed": 1282,
    "COLLECTOR_total_number_of_steps_executed": 83330,
    "COLLECTOR_total_saving_time_in_sec": 395.4924485683441,
    "TRAINER_network_updates_per_sec": 36.36742414544742,
    "TRAINER_total_network_updates": 388621,
    "TRAINER_training_time_after_min_dataset_in_sec": 10685.964407205582,
    "TRAINER_waiting_time_in_sec": 1490.311342716217,
    "network_updates_per_env_step": 5.314001822009698,
    "total_training_time_in_hours": 3.4922419539425107,
    "total_training_time_in_sec": 12572.071034193039
}