{
    "COLLECTOR_env_steps_per_sec": 6.843302624811132,
    "COLLECTOR_experience_collecting_time_in_sec": 4851.458691835403,
    "COLLECTOR_total_number_of_episodes_executed": 166,
    "COLLECTOR_total_number_of_steps_executed": 33200,
    "COLLECTOR_total_saving_time_in_sec": 1165.6607837677002,
    "TRAINER_network_updates_per_sec": 68.05985132599136,
    "TRAINER_total_network_updates": 315350,
    "TRAINER_training_time_after_min_dataset_in_sec": 4633.421817064285,
    "TRAINER_waiting_time_in_sec": 218.12277483940125,
    "network_updates_per_env_step": 9.945468592786328,
    "total_training_time_in_hours": 1.6715096899535922,
    "total_training_time_in_sec": 6017.4348838329315
}