{
    "COLLECTOR_env_steps_per_sec": 3.265226480653381,
    "COLLECTOR_experience_collecting_time_in_sec": 2541.936998605728,
    "COLLECTOR_total_number_of_episodes_executed": 166,
    "COLLECTOR_total_number_of_steps_executed": 8300,
    "COLLECTOR_total_saving_time_in_sec": 746.8857808113098,
    "TRAINER_network_updates_per_sec": 31.645420351733254,
    "TRAINER_total_network_updates": 78850,
    "TRAINER_training_time_after_min_dataset_in_sec": 2491.6717529296875,
    "TRAINER_waiting_time_in_sec": 50.3632550239563,
    "network_updates_per_env_step": 9.691646364879693,
    "total_training_time_in_hours": 0.9136537224054336,
    "total_training_time_in_sec": 3289.153400659561
}