{
    "COLLECTOR_env_steps_per_sec": 4.8445701172024265,
    "COLLECTOR_experience_collecting_time_in_sec": 3436.8374483585358,
    "COLLECTOR_total_number_of_episodes_executed": 333,
    "COLLECTOR_total_number_of_steps_executed": 16650,
    "COLLECTOR_total_saving_time_in_sec": 682.5371506214142,
    "TRAINER_network_updates_per_sec": 47.419582184873775,
    "TRAINER_total_network_updates": 158180,
    "TRAINER_training_time_after_min_dataset_in_sec": 3335.7527146339417,
    "TRAINER_waiting_time_in_sec": 101.1663658618927,
    "network_updates_per_env_step": 9.78819194225162,
    "total_training_time_in_hours": 1.1443845785326427,
    "total_training_time_in_sec": 4119.784482717514
}