{
    "COLLECTOR_env_steps_per_sec": 3.2621999235267465,
    "COLLECTOR_experience_collecting_time_in_sec": 2544.2953205108643,
    "COLLECTOR_total_number_of_episodes_executed": 166,
    "COLLECTOR_total_number_of_steps_executed": 8300,
    "COLLECTOR_total_saving_time_in_sec": 765.6096897125244,
    "TRAINER_network_updates_per_sec": 31.61943579622544,
    "TRAINER_total_network_updates": 78850,
    "TRAINER_training_time_after_min_dataset_in_sec": 2493.7193853855133,
    "TRAINER_waiting_time_in_sec": 50.658339738845825,
    "network_updates_per_env_step": 9.692672594401216,
    "total_training_time_in_hours": 0.9194977337121963,
    "total_training_time_in_sec": 3310.191841363907
}