{
    "COLLECTOR_env_steps_per_sec": 2.007119939294847,
    "COLLECTOR_experience_collecting_time_in_sec": 2067.6392669677734,
    "COLLECTOR_total_number_of_episodes_executed": 83,
    "COLLECTOR_total_number_of_steps_executed": 4150,
    "COLLECTOR_total_saving_time_in_sec": 144.0812156200409,
    "TRAINER_network_updates_per_sec": 6.412921012975532,
    "TRAINER_total_network_updates": 13098,
    "TRAINER_training_time_after_min_dataset_in_sec": 2042.4390029907227,
    "TRAINER_waiting_time_in_sec": 25.2749662399292,
    "network_updates_per_env_step": 3.1950860969616772,
    "total_training_time_in_hours": 0.6144607462485632,
    "total_training_time_in_sec": 2212.0586864948273
}