{
    "COLLECTOR_env_steps_per_sec": 9.175398703152558,
    "COLLECTOR_experience_collecting_time_in_sec": 18157.249116897583,
    "COLLECTOR_total_number_of_episodes_executed": 833,
    "COLLECTOR_total_number_of_steps_executed": 166600,
    "COLLECTOR_total_saving_time_in_sec": 555.5195202827454,
    "TRAINER_network_updates_per_sec": 94.98593802604013,
    "TRAINER_total_network_updates": 1166000,
    "TRAINER_training_time_after_min_dataset_in_sec": 12275.501239776611,
    "TRAINER_waiting_time_in_sec": 5881.811634778976,
    "network_updates_per_env_step": 10.352240932419,
    "total_training_time_in_hours": 5.19809082210064,
    "total_training_time_in_sec": 18713.1269595623
}