{
    "COLLECTOR_env_steps_per_sec": 5.892833365257293,
    "COLLECTOR_experience_collecting_time_in_sec": 14135.814613580704,
    "COLLECTOR_total_number_of_episodes_executed": 1666,
    "COLLECTOR_total_number_of_steps_executed": 83300,
    "COLLECTOR_total_saving_time_in_sec": 738.6770479679108,
    "TRAINER_network_updates_per_sec": 59.3362543251019,
    "TRAINER_total_network_updates": 749680,
    "TRAINER_training_time_after_min_dataset_in_sec": 12634.434184074402,
    "TRAINER_waiting_time_in_sec": 1501.4954578876495,
    "network_updates_per_env_step": 10.069223181319527,
    "total_training_time_in_hours": 4.131916499535243,
    "total_training_time_in_sec": 14874.899398326874
}