{
    "COLLECTOR_env_steps_per_sec": 5.902696903176073,
    "COLLECTOR_experience_collecting_time_in_sec": 14112.19335269928,
    "COLLECTOR_total_number_of_episodes_executed": 1666,
    "COLLECTOR_total_number_of_steps_executed": 83300,
    "COLLECTOR_total_saving_time_in_sec": 708.7109079360962,
    "TRAINER_network_updates_per_sec": 59.4286571910885,
    "TRAINER_total_network_updates": 749678,
    "TRAINER_training_time_after_min_dataset_in_sec": 12614.755833864212,
    "TRAINER_waiting_time_in_sec": 1497.5230836868286,
    "network_updates_per_env_step": 10.068051632316006,
    "total_training_time_in_hours": 4.117028686139319,
    "total_training_time_in_sec": 14821.303270101547
}