{
    "COLLECTOR_env_steps_per_sec": 6.037488407173337,
    "COLLECTOR_experience_collecting_time_in_sec": 22062.154163599014,
    "COLLECTOR_total_number_of_episodes_executed": 666,
    "COLLECTOR_total_number_of_steps_executed": 133200,
    "COLLECTOR_total_saving_time_in_sec": 599.3864805698395,
    "TRAINER_network_updates_per_sec": 52.305033218008376,
    "TRAINER_total_network_updates": 731414,
    "TRAINER_training_time_after_min_dataset_in_sec": 13983.625571012497,
    "TRAINER_waiting_time_in_sec": 8078.636589288712,
    "network_updates_per_env_step": 8.663376174083094,
    "total_training_time_in_hours": 6.294996717505985,
    "total_training_time_in_sec": 22661.988183021545
}