{
    "COLLECTOR_env_steps_per_sec": 1.189591549695976,
    "COLLECTOR_experience_collecting_time_in_sec": 70049.25347805023,
    "COLLECTOR_total_number_of_episodes_executed": 16666,
    "COLLECTOR_total_number_of_steps_executed": 83330,
    "COLLECTOR_total_saving_time_in_sec": 693.5998210906982,
    "TRAINER_network_updates_per_sec": 11.916808066013436,
    "TRAINER_total_network_updates": 749980,
    "TRAINER_training_time_after_min_dataset_in_sec": 62934.6378531456,
    "TRAINER_waiting_time_in_sec": 7114.714213371277,
    "network_updates_per_env_step": 10.01756280889774,
    "total_training_time_in_hours": 19.650923997627363,
    "total_training_time_in_sec": 70743.32639145851
}