{
    "COLLECTOR_env_steps_per_sec": 2.9780293291970827,
    "COLLECTOR_experience_collecting_time_in_sec": 5580.871832609177,
    "COLLECTOR_total_number_of_episodes_executed": 277,
    "COLLECTOR_total_number_of_steps_executed": 16620,
    "COLLECTOR_total_saving_time_in_sec": 247.77128291130066,
    "TRAINER_network_updates_per_sec": 12.327202994250653,
    "TRAINER_total_network_updates": 62092,
    "TRAINER_training_time_after_min_dataset_in_sec": 5036.990145206451,
    "TRAINER_waiting_time_in_sec": 543.9648561477661,
    "network_updates_per_env_step": 4.139382669402465,
    "total_training_time_in_hours": 1.6191989803314208,
    "total_training_time_in_sec": 5829.116329193115
}