{
    "COLLECTOR_env_steps_per_sec": 2.8846826562343044,
    "COLLECTOR_experience_collecting_time_in_sec": 2870.3330614566803,
    "COLLECTOR_total_number_of_episodes_executed": 92,
    "COLLECTOR_total_number_of_steps_executed": 8280,
    "COLLECTOR_total_saving_time_in_sec": 276.4840507507324,
    "TRAINER_network_updates_per_sec": 28.840365453825044,
    "TRAINER_total_network_updates": 74480,
    "TRAINER_training_time_after_min_dataset_in_sec": 2582.4915471076965,
    "TRAINER_waiting_time_in_sec": 287.9088571071625,
    "network_updates_per_env_step": 9.997760201281054,
    "total_training_time_in_hours": 0.8742083913750118,
    "total_training_time_in_sec": 3147.1502089500427
}