{
    "COLLECTOR_env_steps_per_sec": 7.208889202493285,
    "COLLECTOR_experience_collecting_time_in_sec": 5777.5891444683075,
    "COLLECTOR_total_number_of_episodes_executed": 833,
    "COLLECTOR_total_number_of_steps_executed": 41650,
    "COLLECTOR_total_saving_time_in_sec": 415.44561791419983,
    "TRAINER_network_updates_per_sec": 71.8096628773378,
    "TRAINER_total_network_updates": 374847,
    "TRAINER_training_time_after_min_dataset_in_sec": 5220.007795333862,
    "TRAINER_waiting_time_in_sec": 557.6587698459625,
    "network_updates_per_env_step": 9.961265995391013,
    "total_training_time_in_hours": 1.720371197130945,
    "total_training_time_in_sec": 6193.336309671402
}