{
    "COLLECTOR_env_steps_per_sec": 1.1712237394050276,
    "COLLECTOR_experience_collecting_time_in_sec": 7112.21922826767,
    "COLLECTOR_total_number_of_episodes_executed": 1666,
    "COLLECTOR_total_number_of_steps_executed": 8330,
    "COLLECTOR_total_saving_time_in_sec": 725.3997027873993,
    "TRAINER_network_updates_per_sec": 11.545902099185996,
    "TRAINER_total_network_updates": 79150,
    "TRAINER_training_time_after_min_dataset_in_sec": 6855.246070861816,
    "TRAINER_waiting_time_in_sec": 257.0635657310486,
    "network_updates_per_env_step": 9.857981622752305,
    "total_training_time_in_hours": 2.1771949091222553,
    "total_training_time_in_sec": 7837.901672840118
}