{
    "COLLECTOR_env_steps_per_sec": 6.521587034004381,
    "COLLECTOR_experience_collecting_time_in_sec": 30667.38187456131,
    "COLLECTOR_total_number_of_episodes_executed": 1000,
    "COLLECTOR_total_number_of_steps_executed": 200000,
    "COLLECTOR_total_saving_time_in_sec": 635.7228844165802,
    "TRAINER_network_updates_per_sec": 64.77850768831692,
    "TRAINER_total_network_updates": 1499941,
    "TRAINER_training_time_after_min_dataset_in_sec": 23154.917479991913,
    "TRAINER_waiting_time_in_sec": 7512.547631978989,
    "network_updates_per_env_step": 9.932936162709105,
    "total_training_time_in_hours": 8.695459787315793,
    "total_training_time_in_sec": 31303.655234336853
}