{
    "COLLECTOR_env_steps_per_sec": 2.8875236384269467,
    "COLLECTOR_experience_collecting_time_in_sec": 5769.6497366428375,
    "COLLECTOR_total_number_of_episodes_executed": 476,
    "COLLECTOR_total_number_of_steps_executed": 16660,
    "COLLECTOR_total_saving_time_in_sec": 249.7261872291565,
    "TRAINER_network_updates_per_sec": 12.099811363036101,
    "TRAINER_total_network_updates": 63078,
    "TRAINER_training_time_after_min_dataset_in_sec": 5213.13912320137,
    "TRAINER_waiting_time_in_sec": 556.5873093605042,
    "network_updates_per_env_step": 4.190376557273065,
    "total_training_time_in_hours": 1.6721388537353938,
    "total_training_time_in_sec": 6019.699873447418
}