{
    "COLLECTOR_env_steps_per_sec": 3.452944956247831,
    "COLLECTOR_experience_collecting_time_in_sec": 2403.7452392578125,
    "COLLECTOR_total_number_of_episodes_executed": 166,
    "COLLECTOR_total_number_of_steps_executed": 8300,
    "COLLECTOR_total_saving_time_in_sec": 649.3686408996582,
    "TRAINER_network_updates_per_sec": 33.460402655169204,
    "TRAINER_total_network_updates": 78850,
    "TRAINER_training_time_after_min_dataset_in_sec": 2356.516770362854,
    "TRAINER_waiting_time_in_sec": 47.31304621696472,
    "network_updates_per_env_step": 9.690395612772583,
    "total_training_time_in_hours": 0.8481694867875841,
    "total_training_time_in_sec": 3053.4101524353027
}