{
    "COLLECTOR_env_steps_per_sec": 7.730028711278621,
    "COLLECTOR_experience_collecting_time_in_sec": 5388.078305482864,
    "COLLECTOR_total_number_of_episodes_executed": 833,
    "COLLECTOR_total_number_of_steps_executed": 41650,
    "COLLECTOR_total_saving_time_in_sec": 348.3436510562897,
    "TRAINER_network_updates_per_sec": 77.00736569964522,
    "TRAINER_total_network_updates": 374843,
    "TRAINER_training_time_after_min_dataset_in_sec": 4867.625279664993,
    "TRAINER_waiting_time_in_sec": 520.5344934463501,
    "network_updates_per_env_step": 9.962106038142705,
    "total_training_time_in_hours": 1.5935385564963023,
    "total_training_time_in_sec": 5736.738803386688
}