{
    "COLLECTOR_env_steps_per_sec": 11.326527990673776,
    "COLLECTOR_experience_collecting_time_in_sec": 8828.830872297287,
    "COLLECTOR_total_number_of_episodes_executed": 500,
    "COLLECTOR_total_number_of_steps_executed": 100000,
    "COLLECTOR_total_saving_time_in_sec": 425.4980676174164,
    "TRAINER_network_updates_per_sec": 31.245558486975657,
    "TRAINER_total_network_updates": 129588,
    "TRAINER_training_time_after_min_dataset_in_sec": 4147.405464172363,
    "TRAINER_waiting_time_in_sec": 4681.542232275009,
    "network_updates_per_env_step": 2.758617513919812,
    "total_training_time_in_hours": 2.5707604815562566,
    "total_training_time_in_sec": 9254.737733602524
}